SWV ITM Data Console - ITM Port: 0
0 ; 0.000000 
1 ; -0.012973 
2 ; 0.007185 
3 ; 0.063147 
4 ; 0.078267 
5 ; 0.077850 
6 ; 0.082061 
7 ; 0.097354 
8 ; 0.112433 
9 ; 0.188722 
10 ; 0.259948 
11 ; 0.304739 
12 ; 0.319629 
13 ; 0.324133 
14 ; 0.322683 
15 ; 0.322174 
16 ; 0.325759 
17 ; 0.326631 
18 ; 0.327010 
19 ; 0.328248 
20 ; 0.329853 
21 ; 0.329399 
22 ; 0.329010 
23 ; 0.329957 
24 ; 0.330218 
25 ; 0.330076 
26 ; 0.330319 
27 ; 0.330345 
28 ; 0.330367 
29 ; 0.331664 
30 ; 0.331860 
31 ; 0.332575 
32 ; 0.332821 
33 ; 0.332666 
34 ; 0.332167 
35 ; 0.332107 
36 ; 0.332786 
37 ; 0.332819 
38 ; 0.333029 
39 ; 0.333939 
40 ; 0.333621 
41 ; 0.333167 
42 ; 0.333692 
43 ; 0.332862 
44 ; 0.332335 
45 ; 0.333164 
46 ; 0.332959 
47 ; 0.333514 
48 ; 0.333806 
49 ; 0.334055 
50 ; 0.334086 
51 ; 0.334112 
52 ; 0.334317 
53 ; 0.332848 
54 ; 0.333237 
55 ; 0.334482 
56 ; 0.334086 
57 ; 0.334112 
58 ; 0.334682 
59 ; 0.334256 
60 ; 0.334075 
61 ; 0.335016 
62 ; 0.334907 
63 ; 0.334814 
64 ; 0.334734 
65 ; 0.335762 
66 ; 0.336276 
67 ; 0.336166 
68 ; 0.336438 
69 ; 0.333381 
70 ; 0.331135 
71 ; 0.331955 
72 ; 0.332291 
73 ; 0.332579 
74 ; 0.334285 
75 ; 0.334648 
76 ; 0.334227 
77 ; 0.334781 
78 ; 0.333609 
79 ; 0.333522 
80 ; 0.333996 
81 ; 0.332756 
82 ; 0.333889 
83 ; 0.333761 
84 ; 0.333835 
85 ; 0.333714 
86 ; 0.333246 
87 ; 0.333029 
88 ; 0.331930 
89 ; 0.332087 
90 ; 0.332586 
91 ; 0.284228 
92 ; 0.154650 
93 ; 0.064194 
94 ; 0.019048 
95 ; 0.006046 
96 ; 0.002792 
97 ; 0.002751 
98 ; 0.002351 
99 ; 0.002009 
100 ; 0.001717 
101 ; 0.001650 
102 ; 0.001228 
103 ; 0.001049 
104 ; 0.000897 
105 ; 0.000766 
106 ; 0.000655 
107 ; 0.000377 
108 ; 0.000505 
109 ; -0.005050 
110 ; -0.004681 
111 ; -0.004183 
112 ; -0.003941 
113 ; -0.002819 
114 ; -0.002592 
115 ; -0.002398 
116 ; -0.001135 
117 ; -0.000970 
118 ; -0.001195 
119 ; -0.001569 
120 ; -0.000610 
121 ; -0.000521 
122 ; -0.000446 
123 ; -0.001112 
124 ; -0.001133 
125 ; -0.000785 
126 ; -0.000123 
127 ; -0.000105 
128 ; -0.000090 
129 ; -0.000077 
130 ; -0.000980 
131 ; 0.002086 
132 ; 0.002148 
133 ; 0.002019 
134 ; 0.001908 
135 ; 0.001630 
136 ; 0.001393 
137 ; 0.001191 
138 ; 0.001018 
139 ; 0.000870 
140 ; 0.000743 
141 ; 0.000635 
142 ; 0.000543 
143 ; 0.000464 
144 ; 0.000396 
145 ; -0.000392 
146 ; 0.000030 
147 ; 0.000391 
148 ; 0.000334 
149 ; 0.000286 
150 ; 0.000244 
151 ; -0.000522 
152 ; 0.003390 
153 ; 0.004360 
154 ; 0.003726 
155 ; 0.003184 
156 ; 0.002721 
157 ; 0.002325 
158 ; 0.001987 
159 ; 0.001698 
160 ; 0.001451 
161 ; 0.001240 
162 ; 0.001060 
163 ; 0.000906 
164 ; 0.000774 
165 ; 0.000662 
166 ; 0.000565 
167 ; 0.000483 
168 ; 0.000413 
169 ; 0.000353 
170 ; 0.000302 
171 ; 0.000258 
172 ; 0.000220 
173 ; 0.000188 
174 ; 0.000161 
175 ; 0.000137 
176 ; 0.000117 
177 ; 0.000100 
178 ; 0.000086 
179 ; 0.000073 
180 ; 0.000063 
181 ; 0.000054 
182 ; 0.000046 
183 ; 0.000039 
184 ; 0.000033 
185 ; 0.000029 
186 ; 0.000024 
187 ; 0.000021 
188 ; 0.000018 
189 ; 0.000015 
190 ; 0.000013 
191 ; 0.000011 
192 ; 0.000010 
193 ; 0.000008 
194 ; 0.000007 
195 ; 0.000006 
196 ; 0.000005 
197 ; 0.000004 
198 ; 0.000004 
199 ; 0.000003 
200 ; 0.000003 
201 ; 0.000002 
202 ; 0.000002 
203 ; 0.000002 
204 ; 0.000001 
205 ; 0.000001 
206 ; 0.000001 
207 ; 0.000001 
208 ; 0.000001 
209 ; 0.000001 
210 ; 0.000001 
211 ; 0.000000 
212 ; 0.000000 
213 ; 0.000000 
214 ; 0.000000 
215 ; 0.000000 
216 ; 0.000000 
217 ; 0.000000 
218 ; 0.000000 
219 ; 0.000000 
220 ; 0.000000 
221 ; 0.000000 
222 ; 0.000000 
223 ; 0.000000 
224 ; 0.000000 
225 ; 0.000000 
226 ; 0.000000 
227 ; 0.000000 
228 ; 0.000000 
229 ; 0.000000 
230 ; 0.000000 
231 ; 0.000000 
232 ; 0.000000 
233 ; 0.000000 
234 ; 0.000000 
235 ; 0.000000 
236 ; 0.000000 
237 ; 0.000000 
238 ; 0.000000 
239 ; 0.000000 
240 ; 0.000000 
241 ; 0.000000 
242 ; 0.000000 
243 ; 0.000000 
244 ; 0.000000 
245 ; 0.000000 
246 ; 0.000000 
247 ; 0.000000 
248 ; 0.000000 
249 ; 0.000000 
250 ; 0.000000 
251 ; 0.000000 
252 ; 0.000000 
253 ; 0.000000 
254 ; 0.000000 
255 ; 0.000000 
256 ; 0.000000 
257 ; 0.000000 
258 ; 0.000000 
259 ; 0.000000 
260 ; 0.000000 
261 ; 0.000000 
262 ; 0.000000 
263 ; 0.000000 
264 ; 0.000000 
265 ; 0.000000 
266 ; 0.000000 
267 ; 0.000000 
268 ; 0.000000 
269 ; 0.000000 
270 ; 0.000000 
271 ; 0.000000 
272 ; 0.000000 
273 ; 0.000000 
274 ; 0.000000 
275 ; 0.000000 
276 ; 0.000000 
277 ; 0.000000 
278 ; 0.000000 
279 ; 0.000000 
280 ; 0.000000 
281 ; 0.000000 
282 ; 0.000000 
283 ; 0.000000 
284 ; 0.000000 
285 ; 0.000000 
286 ; 0.000000 
287 ; 0.000000 
288 ; 0.000000 
289 ; 0.000000 
290 ; 0.000000 
291 ; 0.000000 
292 ; 0.000000 
293 ; 0.000000 
294 ; 0.000000 
295 ; 0.000000 
296 ; 0.000000 
297 ; 0.000000 
298 ; 0.000000 
299 ; 0.000000 
300 ; 0.000000 
301 ; 0.000000 
302 ; 0.000000 
303 ; 0.000000 
304 ; 0.000000 
305 ; 0.000000 
306 ; 0.000000 
307 ; 0.000000 
308 ; 0.000000 
309 ; 0.000000 
310 ; 0.000000 
311 ; 0.000000 
312 ; 0.000000 
313 ; 0.000000 
314 ; 0.000000 
315 ; 0.000000 
316 ; 0.000000 
317 ; 0.000000 
318 ; 0.000000 
319 ; 0.000000 
320 ; 0.000000 
321 ; 0.000000 
322 ; 0.000000 
323 ; 0.000000 
324 ; 0.000000 
325 ; 0.000000 
326 ; 0.000000 
327 ; 0.000000 
328 ; 0.000000 
329 ; 0.000000 
330 ; 0.000000 
331 ; 0.000000 
332 ; 0.000000 
333 ; 0.000000 
334 ; 0.000000 
335 ; 0.000000 
336 ; 0.000000 
337 ; 0.000000 
338 ; 0.000000 
339 ; 0.000000 
340 ; 0.000000 
341 ; 0.000000 
342 ; 0.000000 
343 ; 0.000000 
344 ; 0.000000 
345 ; 0.000000 
346 ; 0.000000 
347 ; 0.000000 
348 ; 0.000000 
349 ; 0.000000 
350 ; 0.000000 
351 ; 0.000000 
352 ; 0.000000 
353 ; 0.000000 
354 ; 0.000000 
355 ; 0.000000 
356 ; 0.000000 
357 ; 0.000000 
358 ; 0.000000 
359 ; 0.000000 
360 ; 0.000000 
361 ; 0.000000 
362 ; 0.000000 
363 ; 0.000000 
364 ; 0.000000 
365 ; 0.000000 
366 ; 0.000000 
367 ; 0.000000 
368 ; 0.000000 
369 ; 0.000000 
370 ; 0.000000 
371 ; 0.000000 
372 ; 0.000000 
373 ; 0.000000 
374 ; 0.000000 
375 ; 0.000000 
376 ; 0.000000 
377 ; 0.000000 
378 ; 0.000000 
379 ; 0.000000 
380 ; 0.000000 
381 ; 0.000000 
382 ; 0.000000 
383 ; 0.000000 
384 ; 0.000000 
385 ; 0.000000 
386 ; 0.000000 
387 ; 0.000000 
388 ; 0.000000 
389 ; 0.000000 
390 ; 0.000000 
391 ; 0.000000 
392 ; 0.000000 
393 ; 0.000000 
394 ; 0.000000 
395 ; 0.000000 
396 ; 0.000000 
397 ; 0.000000 
398 ; 0.000000 
399 ; 0.000000 
400 ; 0.000000 
401 ; 0.000000 
402 ; 0.000000 
403 ; 0.000000 
404 ; 0.000000 
405 ; 0.000000 
