SWV ITM Data Console - ITM Port: 0
0 ;0.500000 ; 0.000000 
1 ;0.500000 ; -0.008222 
2 ;0.500000 ; 0.059664 
3 ;0.500000 ; 0.114939 
4 ;0.500000 ; 0.159619 
5 ;0.500000 ; 0.197620 
6 ;0.500000 ; 0.230279 
7 ;0.500000 ; 0.257640 
8 ;0.500000 ; 0.282485 
9 ;0.500000 ; 0.304266 
10 ;0.500000 ; 0.321418 
11 ;0.500000 ; 0.336259 
12 ;0.500000 ; 0.360453 
13 ;0.500000 ; 0.369618 
14 ;0.500000 ; 0.377450 
15 ;0.500000 ; 0.384875 
16 ;0.500000 ; 0.390672 
17 ;0.500000 ; 0.396357 
18 ;0.500000 ; 0.400484 
19 ;0.500000 ; 0.403098 
20 ;0.500000 ; 0.405514 
21 ;0.500000 ; 0.408493 
22 ;0.500000 ; 0.411221 
23 ;0.500000 ; 0.413187 
24 ;0.500000 ; 0.415050 
25 ;0.500000 ; 0.417008 
26 ;0.500000 ; 0.418133 
27 ;0.500000 ; 0.419642 
28 ;0.500000 ; 0.420749 
29 ;0.500000 ; 0.422061 
30 ;0.500000 ; 0.423182 
31 ;0.500000 ; 0.424139 
32 ;0.500000 ; 0.424593 
33 ;0.500000 ; 0.425528 
34 ;0.500000 ; 0.425779 
35 ;0.500000 ; 0.425994 
36 ;0.500000 ; 0.426360 
37 ;0.500000 ; 0.426674 
38 ;0.500000 ; 0.427306 
39 ;0.500000 ; 0.426933 
40 ;0.500000 ; 0.426067 
41 ;0.500000 ; 0.425692 
42 ;0.500000 ; 0.424640 
43 ;0.500000 ; 0.424473 
44 ;0.500000 ; 0.425060 
45 ;0.500000 ; 0.425197 
46 ;0.500000 ; 0.425496 
47 ;0.500000 ; 0.424108 
48 ;0.500000 ; 0.423286 
49 ;0.500000 ; 0.423864 
50 ;0.500000 ; 0.422165 
51 ;0.500000 ; 0.423087 
52 ;0.500000 ; 0.422963 
53 ;0.500000 ; 0.422491 
54 ;0.500000 ; 0.423550 
55 ;0.500000 ; 0.422261 
56 ;0.500000 ; 0.422256 
57 ;0.500000 ; 0.422801 
58 ;0.500000 ; 0.422718 
59 ;0.500000 ; 0.423926 
60 ;0.500000 ; 0.424045 
61 ;0.500000 ; 0.423964 
62 ;0.500000 ; 0.423163 
63 ;0.500000 ; 0.424124 
64 ;0.500000 ; 0.423483 
65 ;0.500000 ; 0.423666 
66 ;0.500000 ; 0.424919 
67 ;0.500000 ; 0.424345 
68 ;0.500000 ; 0.423490 
69 ;0.500000 ; 0.423855 
70 ;0.500000 ; 0.423618 
71 ;0.500000 ; 0.423051 
72 ;0.500000 ; 0.423662 
73 ;0.500000 ; 0.424368 
74 ;0.500000 ; 0.424605 
75 ;0.500000 ; 0.424260 
76 ;0.500000 ; 0.424330 
77 ;0.500000 ; 0.424573 
78 ;0.500000 ; 0.424232 
79 ;0.500000 ; 0.424672 
80 ;0.500000 ; 0.425048 
81 ;0.500000 ; 0.425187 
82 ;0.500000 ; 0.425853 
83 ;0.500000 ; 0.425692 
84 ;0.500000 ; 0.425736 
85 ;0.500000 ; 0.426323 
86 ;0.500000 ; 0.426642 
87 ;0.500000 ; 0.427097 
88 ;0.500000 ; 0.427851 
89 ;0.500000 ; 0.428130 
90 ;0.000000 ; 0.427820 
91 ;0.000000 ; 0.404533 
92 ;0.000000 ; 0.345348 
93 ;0.000000 ; 0.292028 
94 ;0.000000 ; 0.248289 
95 ;0.000000 ; 0.212005 
96 ;0.000000 ; 0.182093 
97 ;0.000000 ; 0.155799 
98 ;0.000000 ; 0.133146 
99 ;0.000000 ; 0.113786 
100 ;0.000000 ; 0.097242 
101 ;0.000000 ; 0.083103 
102 ;0.000000 ; 0.070106 
103 ;0.000000 ; 0.060644 
104 ;0.000000 ; 0.052009 
105 ;0.000000 ; 0.044447 
106 ;0.000000 ; 0.037984 
107 ;0.000000 ; 0.032461 
108 ;0.000000 ; 0.027741 
109 ;0.000000 ; 0.023708 
110 ;0.000000 ; 0.020261 
111 ;0.000000 ; 0.017315 
112 ;0.000000 ; 0.014797 
113 ;0.000000 ; 0.012646 
114 ;0.000000 ; 0.010807 
115 ;0.000000 ; 0.009236 
116 ;0.000000 ; 0.007893 
117 ;0.000000 ; 0.006745 
118 ;0.000000 ; 0.005764 
119 ;0.000000 ; 0.004926 
120 ;0.000000 ; 0.004210 
121 ;0.000000 ; 0.003598 
122 ;0.000000 ; 0.003075 
123 ;0.000000 ; 0.002628 
124 ;0.000000 ; 0.002246 
125 ;0.000000 ; 0.001919 
126 ;0.000000 ; 0.001640 
127 ;0.000000 ; 0.001402 
128 ;0.000000 ; 0.001198 
129 ;0.000000 ; 0.001024 
130 ;0.000000 ; 0.000875 
131 ;0.000000 ; 0.000748 
132 ;0.000000 ; 0.000639 
133 ;0.000000 ; 0.000546 
134 ;0.000000 ; 0.000467 
135 ;0.000000 ; 0.000399 
136 ;0.000000 ; 0.000341 
137 ;0.000000 ; 0.000291 
138 ;0.000000 ; 0.000249 
139 ;0.000000 ; 0.000213 
140 ;0.000000 ; 0.000182 
141 ;0.000000 ; 0.000155 
142 ;0.000000 ; 0.000133 
143 ;0.000000 ; 0.000113 
144 ;0.000000 ; 0.000097 
145 ;0.000000 ; 0.000083 
146 ;0.000000 ; 0.000071 
147 ;0.000000 ; 0.000061 
148 ;0.000000 ; 0.000052 
149 ;0.000000 ; 0.000044 
150 ;0.000000 ; 0.000038 
151 ;0.000000 ; 0.000032 
152 ;0.000000 ; 0.000028 
153 ;0.000000 ; 0.000024 
154 ;0.000000 ; 0.000020 
155 ;0.000000 ; 0.000017 
156 ;0.000000 ; 0.000015 
157 ;0.000000 ; 0.000013 
158 ;0.000000 ; 0.000011 
159 ;0.000000 ; 0.000009 
160 ;0.000000 ; 0.000008 
161 ;0.000000 ; 0.000007 
162 ;0.000000 ; 0.000006 
163 ;0.000000 ; 0.000005 
164 ;0.000000 ; 0.000004 
165 ;0.000000 ; 0.000004 
166 ;0.000000 ; 0.000003 
167 ;0.000000 ; 0.000003 
168 ;0.000000 ; 0.000002 
169 ;0.000000 ; 0.000002 
170 ;0.000000 ; 0.000002 
171 ;0.000000 ; 0.000001 
172 ;0.000000 ; 0.000001 
173 ;0.000000 ; 0.000001 
174 ;0.000000 ; 0.000001 
175 ;0.000000 ; 0.000001 
176 ;0.000000 ; 0.000001 
177 ;0.000000 ; 0.000001 
178 ;0.000000 ; 0.000000 
179 ;0.000000 ; 0.000000 
180 ;0.000000 ; 0.000000 
181 ;0.000000 ; 0.000000 
182 ;0.000000 ; 0.000000 
183 ;0.000000 ; 0.000000 
184 ;0.000000 ; 0.000000 
185 ;0.000000 ; 0.000000 
186 ;0.000000 ; 0.000000 
187 ;0.000000 ; 0.000000 
188 ;0.000000 ; 0.000000 
189 ;0.000000 ; 0.000000 
190 ;0.000000 ; 0.000000 
191 ;0.000000 ; 0.000000 
192 ;0.000000 ; 0.000000 
193 ;0.000000 ; 0.000000 
194 ;0.000000 ; 0.000000 
195 ;0.000000 ; 0.000000 
196 ;0.000000 ; 0.000000 
197 ;0.000000 ; 0.000000 
198 ;0.000000 ; 0.000000 
199 ;0.000000 ; 0.000000 
200 ;0.000000 ; 0.000000 
201 ;0.000000 ; 0.000000 
202 ;0.000000 ; 0.000000 
203 ;0.000000 ; 0.000000 
204 ;0.000000 ; 0.000000 
205 ;0.000000 ; 0.000000 
206 ;0.000000 ; 0.000000 
207 ;0.000000 ; 0.000000 
208 ;0.000000 ; 0.000000 
209 ;0.000000 ; 0.000000 
210 ;0.000000 ; 0.000000 
211 ;0.000000 ; 0.000000 
212 ;0.000000 ; 0.000000 
213 ;0.000000 ; 0.000000 
214 ;0.000000 ; 0.000000 
215 ;0.000000 ; 0.000000 
216 ;0.000000 ; 0.000000 
217 ;0.000000 ; 0.000000 
218 ;0.000000 ; 0.000000 
219 ;0.000000 ; 0.000000 
220 ;0.000000 ; 0.000000 
221 ;0.000000 ; 0.000000 
222 ;0.000000 ; 0.000000 
223 ;0.000000 ; 0.000000 
224 ;0.000000 ; 0.000000 
225 ;0.000000 ; 0.000000 
226 ;0.000000 ; 0.000000 
227 ;0.000000 ; 0.000000 
228 ;0.000000 ; 0.000000 
229 ;0.000000 ; 0.000000 
230 ;0.000000 ; 0.000000 
231 ;0.000000 ; 0.000000 
232 ;0.000000 ; 0.000000 
233 ;0.000000 ; 0.000000 
234 ;0.000000 ; 0.000000 
235 ;0.000000 ; 0.000000 
236 ;0.000000 ; 0.000000 
237 ;0.000000 ; 0.000000 
238 ;0.000000 ; 0.000000 
239 ;0.000000 ; 0.000000 
240 ;0.000000 ; 0.000000 
241 ;0.000000 ; 0.000000 
242 ;0.000000 ; 0.000000 
243 ;0.000000 ; 0.000000 
244 ;0.000000 ; 0.000000 
245 ;0.000000 ; 0.000000 
246 ;0.000000 ; 0.000000 
247 ;0.000000 ; 0.000000 
248 ;0.000000 ; 0.000000 
249 ;0.000000 ; 0.000000 
250 ;0.000000 ; 0.000000 
251 ;0.000000 ; 0.000000 
252 ;0.000000 ; 0.000000 
253 ;0.000000 ; 0.000000 
254 ;0.000000 ; 0.000000 
255 ;0.000000 ; 0.000000 
256 ;0.000000 ; 0.000000 
257 ;0.000000 ; 0.000000 
258 ;0.000000 ; 0.000000 
259 ;0.000000 ; 0.000000 
260 ;0.000000 ; 0.000000 
261 ;0.000000 ; 0.000000 
262 ;0.000000 ; 0.000000 
263 ;0.000000 ; 0.000000 
264 ;0.000000 ; 0.000000 
265 ;0.000000 ; 0.000000 
266 ;0.000000 ; 0.000000 
267 ;0.000000 ; 0.000000 
268 ;0.000000 ; 0.000000 
269 ;0.000000 ; 0.000000 
270 ;0.000000 ; 0.000000 
271 ;0.000000 ; 0.000000 
272 ;0.000000 ; 0.000000 
273 ;0.000000 ; 0.000000 
274 ;0.000000 ; 0.000000 
275 ;0.000000 ; 0.000000 
276 ;0.000000 ; 0.000000 
277 ;0.000000 ; 0.000000 
278 ;0.000000 ; 0.000000 
279 ;0.000000 ; 0.000000 
280 ;0.000000 ; 0.000000 
281 ;0.000000 ; 0.000000 
282 ;0.000000 ; 0.000000 
283 ;0.000000 ; 0.000000 
284 ;0.000000 ; 0.000000 
285 ;0.000000 ; 0.000000 
286 ;0.000000 ; 0.000000 
287 ;0.000000 ; 0.000000 
288 ;0.000000 ; 0.000000 
289 ;0.000000 ; 0.000000 
290 ;0.000000 ; 0.000000 
291 ;0.000000 ; 0.000000 
292 ;0.000000 ; 0.000000 
293 ;0.000000 ; 0.000000 
294 ;0.000000 ; 0.000000 
295 ;0.000000 ; 0.000000 
296 ;0.000000 ; 0.000000 
297 ;0.000000 ; 0.000000 
298 ;0.000000 ; 0.000000 
299 ;0.000000 ; 0.000000 
300 ;0.000000 ; 0.000000 
301 ;0.000000 ; 0.000000 
302 ;0.000000 ; 0.000000 
303 ;0.000000 ; 0.000000 
304 ;0.000000 ; 0.000000 
305 ;0.000000 ; 0.000000 
306 ;0.000000 ; 0.000000 
307 ;0.000000 ; 0.000000 
308 ;0.000000 ; 0.000000 
309 ;0.000000 ; 0.000000 
310 ;0.000000 ; 0.000000 
311 ;0.000000 ; 0.000000 
312 ;0.000000 ; 0.000000 
313 ;0.000000 ; 0.000000 
314 ;0.000000 ; 0.000000 
315 ;0.000000 ; 0.000000 
316 ;0.000000 ; 0.000000 
317 ;0.000000 ; 0.000000 
318 ;0.000000 ; 0.000000 
319 ;0.000000 ; 0.000000 
320 ;0.000000 ; 0.000000 
321 ;0.000000 ; 0.000000 
322 ;0.000000 ; 0.000000 
323 ;0.000000 ; 0.000000 
324 ;0.000000 ; 0.000000 
325 ;0.000000 ; 0.000000 
326 ;0.000000 ; 0.000000 
327 ;0.000000 ; 0.000000 
328 ;0.000000 ; 0.000000 
329 ;0.000000 ; 0.000000 
330 ;0.000000 ; 0.000000 
331 ;0.000000 ; 0.000000 
332 ;0.000000 ; 0.000000 
333 ;0.000000 ; 0.000000 
334 ;0.000000 ; 0.000000 
335 ;0.000000 ; 0.000000 
336 ;0.000000 ; 0.000000 
337 ;0.000000 ; 0.000000 
338 ;0.000000 ; 0.000000 
339 ;0.000000 ; 0.000000 
340 ;0.000000 ; 0.000000 
341 ;0.000000 ; 0.000000 
342 ;0.000000 ; 0.000000 
343 ;0.000000 ; 0.000000 
344 ;0.000000 ; 0.000000 
345 ;0.000000 ; 0.000000 
346 ;0.000000 ; 0.000000 
347 ;0.000000 ; 0.000000 
348 ;0.000000 ; 0.000000 
349 ;0.000000 ; 0.000000 
350 ;0.000000 ; 0.000000 
351 ;0.000000 ; 0.000000 
352 ;0.000000 ; 0.000000 
353 ;0.000000 ; 0.000000 
354 ;0.000000 ; 0.000000 
355 ;0.000000 ; 0.000000 
356 ;0.000000 ; 0.000000 
357 ;0.000000 ; 0.000000 
358 ;0.000000 ; 0.000000 
359 ;0.000000 ; 0.000000 
360 ;0.000000 ; 0.000000 
361 ;0.000000 ; 0.000000 
362 ;0.000000 ; 0.000000 
363 ;0.000000 ; 0.000000 
364 ;0.000000 ; 0.000000 
365 ;0.000000 ; 0.000000 
366 ;0.000000 ; 0.000000 
367 ;0.000000 ; 0.000000 
368 ;0.000000 ; 0.000000 
369 ;0.000000 ; 0.000000 
