SWV ITM Data Console - ITM Port: 0
0 ;0.500000 ; 0.000000 
1 ;0.500000 ; -0.006760 
2 ;0.500000 ; 0.092523 
3 ;0.500000 ; 0.226339 
4 ;0.500000 ; 0.344352 
5 ;0.500000 ; 0.418529 
6 ;0.500000 ; 0.468218 
7 ;0.500000 ; 0.473956 
8 ;0.500000 ; 0.459857 
9 ;0.500000 ; 0.436662 
10 ;0.500000 ; 0.411907 
11 ;0.500000 ; 0.392762 
12 ;0.500000 ; 0.376582 
13 ;0.500000 ; 0.369333 
14 ;0.500000 ; 0.367889 
15 ;0.500000 ; 0.368847 
16 ;0.500000 ; 0.370944 
17 ;0.500000 ; 0.378584 
18 ;0.500000 ; 0.386575 
19 ;0.500000 ; 0.389749 
20 ;0.500000 ; 0.386615 
21 ;0.500000 ; 0.383206 
22 ;0.500000 ; 0.380110 
23 ;0.500000 ; 0.376367 
24 ;0.500000 ; 0.374813 
25 ;0.500000 ; 0.376044 
26 ;0.500000 ; 0.383490 
27 ;0.500000 ; 0.387296 
28 ;0.500000 ; 0.383787 
29 ;0.500000 ; 0.381338 
30 ;0.500000 ; 0.378513 
31 ;0.500000 ; 0.375186 
32 ;0.500000 ; 0.375083 
33 ;0.500000 ; 0.382669 
34 ;0.500000 ; 0.389152 
35 ;0.500000 ; 0.391038 
36 ;0.500000 ; 0.387899 
37 ;0.500000 ; 0.383207 
38 ;0.500000 ; 0.379563 
39 ;0.500000 ; 0.377362 
40 ;0.500000 ; 0.374384 
41 ;0.500000 ; 0.375860 
42 ;0.500000 ; 0.384064 
43 ;0.500000 ; 0.387238 
44 ;0.500000 ; 0.384834 
45 ;0.500000 ; 0.382050 
46 ;0.500000 ; 0.378025 
47 ;0.500000 ; 0.375134 
48 ;0.500000 ; 0.376683 
49 ;0.500000 ; 0.381661 
50 ;0.500000 ; 0.387377 
51 ;0.500000 ; 0.384222 
52 ;0.500000 ; 0.381343 
53 ;0.500000 ; 0.378518 
54 ;0.500000 ; 0.375921 
55 ;0.500000 ; 0.376442 
56 ;0.500000 ; 0.382186 
57 ;0.500000 ; 0.385450 
58 ;0.500000 ; 0.383124 
59 ;0.500000 ; 0.380771 
60 ;0.500000 ; 0.378576 
61 ;0.500000 ; 0.376153 
62 ;0.500000 ; 0.377189 
63 ;0.500000 ; 0.383372 
64 ;0.500000 ; 0.385185 
65 ;0.500000 ; 0.382897 
66 ;0.500000 ; 0.380394 
67 ;0.500000 ; 0.378803 
68 ;0.500000 ; 0.376895 
69 ;0.500000 ; 0.378554 
70 ;0.500000 ; 0.384357 
71 ;0.500000 ; 0.387853 
72 ;0.500000 ; 0.385360 
73 ;0.500000 ; 0.382865 
74 ;0.500000 ; 0.380732 
75 ;0.500000 ; 0.378909 
76 ;0.500000 ; 0.377899 
77 ;0.500000 ; 0.375940 
78 ;0.500000 ; 0.377007 
79 ;0.500000 ; 0.382120 
80 ;0.500000 ; 0.387587 
81 ;0.500000 ; 0.385681 
82 ;0.500000 ; 0.383321 
83 ;0.500000 ; 0.380391 
84 ;0.500000 ; 0.378252 
85 ;0.500000 ; 0.376242 
86 ;0.500000 ; 0.375802 
87 ;0.500000 ; 0.384563 
88 ;0.500000 ; 0.388213 
89 ;0.500000 ; 0.385667 
90 ;0.000000 ; 0.380934 
91 ;0.000000 ; 0.356608 
92 ;0.000000 ; 0.263098 
93 ;0.000000 ; 0.137506 
94 ;0.000000 ; 0.030540 
95 ;0.000000 ; -0.046438 
96 ;0.000000 ; -0.081893 
97 ;0.000000 ; -0.089902 
98 ;0.000000 ; -0.079388 
99 ;0.000000 ; -0.055969 
100 ;0.000000 ; -0.027732 
101 ;0.000000 ; -0.002322 
102 ;0.000000 ; 0.014460 
103 ;0.000000 ; 0.022955 
104 ;0.000000 ; 0.023271 
105 ;0.000000 ; 0.019888 
106 ;0.000000 ; 0.014621 
107 ;0.000000 ; 0.006466 
108 ;0.000000 ; -0.000322 
109 ;0.000000 ; -0.003198 
110 ;0.000000 ; -0.006022 
111 ;0.000000 ; -0.005694 
112 ;0.000000 ; -0.003405 
113 ;0.000000 ; -0.002362 
114 ;0.000000 ; -0.002019 
115 ;0.000000 ; -0.001542 
116 ;0.000000 ; -0.001135 
117 ;0.000000 ; -0.001336 
118 ;0.000000 ; -0.001142 
119 ;0.000000 ; -0.000976 
120 ;0.000000 ; -0.000834 
121 ;0.000000 ; -0.000713 
122 ;0.000000 ; -0.000609 
123 ;0.000000 ; -0.000520 
124 ;0.000000 ; -0.000445 
125 ;0.000000 ; -0.000380 
126 ;0.000000 ; -0.000325 
127 ;0.000000 ; -0.000278 
128 ;0.000000 ; -0.000237 
129 ;0.000000 ; -0.000203 
130 ;0.000000 ; -0.000173 
131 ;0.000000 ; -0.000148 
132 ;0.000000 ; -0.000127 
133 ;0.000000 ; -0.000108 
134 ;0.000000 ; -0.000092 
135 ;0.000000 ; -0.000079 
136 ;0.000000 ; -0.000067 
137 ;0.000000 ; -0.000058 
138 ;0.000000 ; -0.000049 
139 ;0.000000 ; -0.000042 
140 ;0.000000 ; -0.000036 
141 ;0.000000 ; -0.000031 
142 ;0.000000 ; -0.000026 
143 ;0.000000 ; -0.000022 
144 ;0.000000 ; -0.000019 
145 ;0.000000 ; -0.000016 
146 ;0.000000 ; -0.000014 
147 ;0.000000 ; -0.000012 
148 ;0.000000 ; -0.000010 
149 ;0.000000 ; -0.000009 
150 ;0.000000 ; -0.000007 
151 ;0.000000 ; -0.000006 
152 ;0.000000 ; -0.000005 
153 ;0.000000 ; -0.000005 
154 ;0.000000 ; -0.000004 
155 ;0.000000 ; -0.000003 
156 ;0.000000 ; -0.000003 
157 ;0.000000 ; -0.000002 
158 ;0.000000 ; -0.000002 
159 ;0.000000 ; -0.000002 
160 ;0.000000 ; -0.000002 
161 ;0.000000 ; -0.000001 
162 ;0.000000 ; -0.000001 
163 ;0.000000 ; -0.000001 
164 ;0.000000 ; -0.000001 
165 ;0.000000 ; -0.000001 
166 ;0.000000 ; -0.000001 
167 ;0.000000 ; -0.000001 
168 ;0.000000 ; -0.000000 
169 ;0.000000 ; -0.000000 
170 ;0.000000 ; -0.000000 
171 ;0.000000 ; -0.000000 
172 ;0.000000 ; -0.000000 
173 ;0.000000 ; -0.000000 
174 ;0.000000 ; -0.000000 
175 ;0.000000 ; -0.000000 
176 ;0.000000 ; -0.000000 
177 ;0.000000 ; -0.000000 
178 ;0.000000 ; -0.000000 
179 ;0.000000 ; -0.000000 
180 ;0.000000 ; -0.000000 
181 ;0.000000 ; -0.000000 
182 ;0.000000 ; -0.000000 
183 ;0.000000 ; -0.000000 
184 ;0.000000 ; -0.000000 
185 ;0.000000 ; -0.000000 
186 ;0.000000 ; -0.000000 
187 ;0.000000 ; -0.000000 
188 ;0.000000 ; -0.000000 
189 ;0.000000 ; -0.000000 
190 ;0.000000 ; -0.000000 
191 ;0.000000 ; -0.000000 
192 ;0.000000 ; -0.000000 
193 ;0.000000 ; -0.000000 
194 ;0.000000 ; -0.000000 
195 ;0.000000 ; -0.000000 
196 ;0.000000 ; -0.000000 
197 ;0.000000 ; -0.000000 
198 ;0.000000 ; -0.000000 
199 ;0.000000 ; -0.000000 
200 ;0.000000 ; -0.000000 
201 ;0.000000 ; -0.000000 
202 ;0.000000 ; -0.000000 
203 ;0.000000 ; -0.000000 
204 ;0.000000 ; -0.000000 
205 ;0.000000 ; -0.000000 
206 ;0.000000 ; -0.000000 
207 ;0.000000 ; -0.000000 
208 ;0.000000 ; -0.000000 
209 ;0.000000 ; -0.000000 
210 ;0.000000 ; -0.000000 
211 ;0.000000 ; -0.000000 
212 ;0.000000 ; -0.000000 
213 ;0.000000 ; -0.000000 
214 ;0.000000 ; -0.000000 
215 ;0.000000 ; -0.000000 
216 ;0.000000 ; -0.000000 
217 ;0.000000 ; -0.000000 
218 ;0.000000 ; -0.000000 
219 ;0.000000 ; -0.000000 
220 ;0.000000 ; -0.000000 
221 ;0.000000 ; -0.000000 
222 ;0.000000 ; -0.000000 
223 ;0.000000 ; -0.000000 
224 ;0.000000 ; -0.000000 
225 ;0.000000 ; -0.000000 
226 ;0.000000 ; -0.000000 
227 ;0.000000 ; -0.000000 
228 ;0.000000 ; -0.000000 
229 ;0.000000 ; -0.000000 
230 ;0.000000 ; -0.000000 
231 ;0.000000 ; -0.000000 
232 ;0.000000 ; -0.000000 
233 ;0.000000 ; -0.000000 
234 ;0.000000 ; -0.000000 
235 ;0.000000 ; -0.000000 
236 ;0.000000 ; -0.000000 
237 ;0.000000 ; -0.000000 
238 ;0.000000 ; -0.000000 
239 ;0.000000 ; -0.000000 
240 ;0.000000 ; -0.000000 
241 ;0.000000 ; -0.000000 
242 ;0.000000 ; -0.000000 
243 ;0.000000 ; -0.000000 
244 ;0.000000 ; -0.000000 
245 ;0.000000 ; -0.000000 
246 ;0.000000 ; -0.000000 
247 ;0.000000 ; -0.000000 
248 ;0.000000 ; -0.000000 
249 ;0.000000 ; -0.000000 
250 ;0.000000 ; -0.000000 
251 ;0.000000 ; -0.000000 
252 ;0.000000 ; -0.000000 
253 ;0.000000 ; -0.000000 
254 ;0.000000 ; -0.000000 
255 ;0.000000 ; -0.000000 
256 ;0.000000 ; -0.000000 
257 ;0.000000 ; -0.000000 
258 ;0.000000 ; -0.000000 
259 ;0.000000 ; -0.000000 
260 ;0.000000 ; -0.000000 
261 ;0.000000 ; -0.000000 
262 ;0.000000 ; -0.000000 
263 ;0.000000 ; -0.000000 
264 ;0.000000 ; -0.000000 
265 ;0.000000 ; -0.000000 
266 ;0.000000 ; -0.000000 
267 ;0.000000 ; -0.000000 
268 ;0.000000 ; -0.000000 
269 ;0.000000 ; -0.000000 
270 ;0.000000 ; -0.000000 
271 ;0.000000 ; -0.000000 
272 ;0.000000 ; -0.000000 
273 ;0.000000 ; -0.000000 
274 ;0.000000 ; -0.000000 
275 ;0.000000 ; -0.000000 
276 ;0.000000 ; -0.000000 
277 ;0.000000 ; -0.000000 
278 ;0.000000 ; -0.000000 
279 ;0.000000 ; -0.000000 
280 ;0.000000 ; -0.000000 
281 ;0.000000 ; -0.000000 
282 ;0.000000 ; -0.000000 
283 ;0.000000 ; -0.000000 
284 ;0.000000 ; -0.000000 
285 ;0.000000 ; -0.000000 
286 ;0.000000 ; -0.000000 
287 ;0.000000 ; -0.000000 
288 ;0.000000 ; -0.000000 
289 ;0.000000 ; -0.000000 
290 ;0.000000 ; -0.000000 
291 ;0.000000 ; -0.000000 
292 ;0.000000 ; -0.000000 
293 ;0.000000 ; -0.000000 
294 ;0.000000 ; -0.000000 
295 ;0.000000 ; -0.000000 
296 ;0.000000 ; -0.000000 
297 ;0.000000 ; -0.000000 
298 ;0.000000 ; -0.000000 
299 ;0.000000 ; -0.000000 
300 ;0.000000 ; -0.000000 
301 ;0.000000 ; -0.000000 
302 ;0.000000 ; -0.000000 
303 ;0.000000 ; -0.000000 
304 ;0.000000 ; -0.000000 
305 ;0.000000 ; -0.000000 
306 ;0.000000 ; -0.000000 
307 ;0.000000 ; -0.000000 
308 ;0.000000 ; -0.000000 
309 ;0.000000 ; -0.000000 
310 ;0.000000 ; -0.000000 
311 ;0.000000 ; -0.000000 
312 ;0.000000 ; -0.000000 
313 ;0.000000 ; -0.000000 
314 ;0.000000 ; -0.000000 
315 ;0.000000 ; -0.000000 
316 ;0.000000 ; -0.000000 
317 ;0.000000 ; -0.000000 
318 ;0.000000 ; -0.000000 
319 ;0.000000 ; -0.000000 
320 ;0.000000 ; -0.000000 
321 ;0.000000 ; -0.000000 
322 ;0.000000 ; -0.000000 
323 ;0.000000 ; -0.000000 
324 ;0.000000 ; -0.000000 
325 ;0.000000 ; -0.000000 
326 ;0.000000 ; -0.000000 
327 ;0.000000 ; -0.000000 
328 ;0.000000 ; -0.000000 
329 ;0.000000 ; -0.000000 
330 ;0.000000 ; -0.000000 
331 ;0.000000 ; -0.000000 
332 ;0.000000 ; -0.000000 
333 ;0.000000 ; -0.000000 
334 ;0.000000 ; -0.000000 
335 ;0.000000 ; -0.000000 
336 ;0.000000 ; -0.000000 
337 ;0.000000 ; -0.000000 
338 ;0.000000 ; -0.000000 
339 ;0.000000 ; -0.000000 
340 ;0.000000 ; -0.000000 
341 ;0.000000 ; -0.000000 
342 ;0.000000 ; -0.000000 
343 ;0.000000 ; -0.000000 
344 ;0.000000 ; -0.000000 
345 ;0.000000 ; -0.000000 
346 ;0.000000 ; -0.000000 
347 ;0.000000 ; -0.000000 
348 ;0.000000 ; -0.000000 
