SWV ITM Data Console - ITM Port: 0
0 ;0.000000 ; 0.000000 ; 0.000000 
1 ;0.000000 ; 0.000000 ; 0.000000 
2 ;0.000000 ; 0.000000 ; 0.000000 
3 ;0.000000 ; 0.000000 ; 0.000000 
4 ;0.000000 ; 0.000000 ; 0.000000 
5 ;0.000000 ; 0.000000 ; 0.000000 
6 ;0.000000 ; 0.000000 ; 0.000000 
7 ;0.000000 ; 0.000000 ; 0.000000 
8 ;0.000000 ; 0.000000 ; 0.000000 
9 ;0.000000 ; 0.000000 ; 0.000000 
10 ;0.000000 ; 0.000000 ; 0.000000 
11 ;0.000000 ; 0.000000 ; 0.000000 
12 ;0.000000 ; 0.000000 ; 0.000000 
13 ;0.000000 ; 0.000000 ; 0.000000 
14 ;0.000000 ; 0.000000 ; 0.000000 
15 ;0.000000 ; 0.000000 ; 0.000000 
16 ;0.000000 ; 0.000000 ; 0.000000 
17 ;0.000000 ; 0.000000 ; 0.000000 
18 ;0.000000 ; 0.000000 ; 0.000000 
19 ;0.000000 ; 0.000000 ; 0.000000 
20 ;0.000000 ; 0.000000 ; 0.000000 
21 ;0.000000 ; 0.000000 ; 0.000000 
22 ;0.000000 ; 0.000000 ; 0.000000 
23 ;0.000000 ; 0.000000 ; 0.000000 
24 ;0.000000 ; 0.000000 ; 0.000000 
25 ;0.000000 ; 0.000000 ; 0.000000 
26 ;0.000000 ; 0.000000 ; 0.000000 
27 ;0.000000 ; 0.000000 ; 0.000000 
28 ;0.000000 ; 0.000000 ; 0.000000 
29 ;0.000000 ; 0.000000 ; 0.000000 
30 ;0.000000 ; 0.000000 ; 0.000000 
31 ;0.000000 ; 0.000000 ; 0.000000 
32 ;0.000000 ; 0.000000 ; 0.000000 
33 ;0.000000 ; 0.000000 ; 0.000000 
34 ;0.000000 ; 0.000000 ; 0.000000 
35 ;0.000000 ; 0.000000 ; 0.000000 
36 ;0.000000 ; 0.000000 ; 0.000000 
37 ;0.000000 ; 0.000000 ; 0.000000 
38 ;0.000000 ; 0.000000 ; 0.000000 
39 ;0.000000 ; 0.000000 ; 0.000000 
40 ;0.000000 ; 0.000000 ; 0.000000 
41 ;0.000000 ; 0.000000 ; 0.000000 
42 ;0.000000 ; 0.000000 ; 0.000000 
43 ;0.000000 ; 0.000000 ; 0.000000 
44 ;0.000000 ; 0.000000 ; 0.000000 
45 ;0.000000 ; 0.000000 ; 0.000000 
46 ;0.000000 ; 0.000000 ; 0.000000 
47 ;0.000000 ; 0.000000 ; 0.000000 
48 ;0.000000 ; 0.000000 ; 0.000000 
49 ;0.000000 ; 0.000000 ; 0.000000 
50 ;0.000000 ; 0.000000 ; 0.000000 
51 ;0.000000 ; 0.000000 ; 0.000000 
52 ;0.000000 ; 0.000000 ; 0.000000 
53 ;0.000000 ; 0.000000 ; 0.000000 
54 ;0.000000 ; 0.000000 ; 0.000000 
55 ;0.000000 ; 0.000000 ; 0.000000 
56 ;0.000000 ; 0.000000 ; 0.000000 
57 ;0.000000 ; 0.000000 ; 0.000000 
58 ;0.000000 ; 0.000000 ; 0.000000 
59 ;0.000000 ; 0.000000 ; 0.000000 
60 ;0.000000 ; 0.000000 ; 0.000000 
61 ;0.000000 ; 0.000000 ; 0.000000 
62 ;0.000000 ; 0.000000 ; 0.000000 
63 ;0.000000 ; 0.000000 ; 0.000000 
64 ;0.000000 ; 0.000000 ; 0.000000 
65 ;0.000000 ; 0.000000 ; 0.000000 
66 ;0.000000 ; 0.000000 ; 0.000000 
67 ;0.000000 ; 0.000000 ; 0.000000 
68 ;0.000000 ; 0.000000 ; 0.000000 
69 ;0.000000 ; 0.000000 ; 0.000000 
70 ;0.000000 ; 0.000000 ; 0.000000 
71 ;0.000000 ; 0.000000 ; 0.000000 
72 ;0.000000 ; 0.000000 ; 0.000000 
73 ;0.000000 ; 0.000000 ; 0.000000 
74 ;0.000000 ; 0.000000 ; 0.000000 
75 ;0.000000 ; 0.000000 ; 0.000000 
76 ;0.000000 ; 0.000000 ; 0.000000 
77 ;0.000000 ; 0.000000 ; 0.000000 
78 ;0.000000 ; 0.000000 ; 0.000000 
79 ;0.000000 ; 0.000000 ; 0.000000 
80 ;0.000000 ; 0.000000 ; 0.000000 
81 ;0.000000 ; 0.000000 ; 0.000000 
82 ;0.000000 ; 0.000000 ; 0.000000 
83 ;0.000000 ; 0.000000 ; 0.000000 
84 ;0.000000 ; 0.000000 ; 0.000000 
85 ;0.000000 ; 0.000000 ; 0.000000 
86 ;0.000000 ; 0.000000 ; 0.000000 
87 ;0.000000 ; 0.000000 ; 0.000000 
88 ;0.000000 ; 0.000000 ; 0.000000 
89 ;0.000000 ; 0.000000 ; 0.000000 
90 ;0.000000 ; 0.000000 ; 0.000000 
91 ;0.000000 ; 0.000000 ; 0.000000 
92 ;0.000000 ; 0.000000 ; 0.000000 
93 ;0.000000 ; 0.000000 ; 0.000000 
94 ;0.000000 ; 0.000000 ; 0.000000 
95 ;0.000000 ; 0.000000 ; 0.000000 
96 ;0.000000 ; 0.000000 ; 0.000000 
97 ;0.000000 ; 0.000000 ; 0.000000 
98 ;0.000000 ; 0.000000 ; 0.000000 
99 ;0.000000 ; 0.000000 ; 0.000000 
100 ;0.000000 ; 0.000000 ; 0.000000 
101 ;0.000000 ; 0.000000 ; 0.000000 
102 ;0.000000 ; 0.000000 ; 0.000000 
103 ;0.000000 ; 0.000000 ; 0.000000 
104 ;0.000000 ; 0.000000 ; 0.000000 
105 ;0.000000 ; 0.000000 ; 0.000000 
106 ;0.000000 ; 0.000000 ; 0.000000 
107 ;0.000000 ; 0.000000 ; 0.000000 
108 ;0.000000 ; 0.000000 ; 0.000000 
109 ;0.000000 ; 0.000000 ; 0.000000 
110 ;0.000000 ; 0.000000 ; 0.000000 
111 ;0.000000 ; 0.000000 ; 0.000000 
112 ;0.000000 ; 0.000000 ; 0.000000 
113 ;0.000000 ; 0.000000 ; 0.000000 
114 ;0.000000 ; 0.000000 ; 0.000000 
115 ;0.000000 ; 0.000000 ; 0.000000 
116 ;0.000000 ; 0.000000 ; 0.000000 
117 ;0.000000 ; 0.000000 ; 0.000000 
118 ;0.000000 ; 0.000000 ; 0.000000 
119 ;0.000000 ; 0.000000 ; 0.000000 
120 ;0.000000 ; 0.000000 ; 0.000000 
121 ;0.000000 ; 0.000000 ; 0.000000 
122 ;0.000000 ; 0.000000 ; 0.000000 
123 ;0.000000 ; 0.000000 ; 0.000000 
124 ;0.000000 ; 0.000000 ; 0.000000 
125 ;0.000000 ; 0.000000 ; 0.000000 
126 ;0.000000 ; 0.000000 ; 0.000000 
127 ;0.000000 ; 0.000000 ; 0.000000 
128 ;0.000000 ; 0.000000 ; 0.000000 
129 ;0.000000 ; 0.000000 ; 0.000000 
130 ;0.000000 ; 0.000000 ; 0.000000 
131 ;0.000000 ; 0.000000 ; 0.000000 
132 ;0.000000 ; 0.000000 ; 0.000000 
133 ;0.000000 ; 0.000000 ; 0.000000 
134 ;0.000000 ; 0.000000 ; 0.000000 
135 ;0.000000 ; 0.000000 ; 0.000000 
136 ;0.000000 ; 0.000000 ; 0.000000 
137 ;0.000000 ; 0.000000 ; 0.000000 
138 ;0.000000 ; 0.000000 ; 0.000000 
139 ;0.000000 ; 0.000000 ; 0.000000 
140 ;0.000000 ; 0.000000 ; 0.000000 
141 ;0.000000 ; 0.000000 ; 0.000000 
142 ;0.000000 ; 0.000000 ; 0.000000 
143 ;0.000000 ; 0.000000 ; 0.000000 
144 ;0.000000 ; 0.000000 ; 0.000000 
145 ;0.000000 ; 0.000000 ; 0.000000 
146 ;0.000000 ; 0.000000 ; 0.000000 
147 ;0.000000 ; 0.000000 ; 0.000000 
148 ;0.000000 ; 0.000000 ; 0.000000 
149 ;0.000000 ; 0.000000 ; 0.000000 
150 ;0.000000 ; 0.000000 ; 0.000000 
151 ;0.000000 ; 0.000000 ; 0.000000 
152 ;0.000000 ; 0.000000 ; 0.000000 
153 ;0.000000 ; 0.000000 ; 0.000000 
154 ;0.000000 ; 0.000000 ; 0.000000 
155 ;0.000000 ; 0.000000 ; 0.000000 
156 ;0.000000 ; 0.000000 ; 0.000000 
157 ;0.000000 ; 0.000000 ; 0.000000 
158 ;0.000000 ; 0.000000 ; 0.000000 
159 ;0.000000 ; 0.000000 ; 0.000000 
160 ;0.000000 ; 0.000000 ; 0.000000 
161 ;0.000000 ; 0.000000 ; 0.000000 
162 ;0.000000 ; 0.000000 ; 0.000000 
163 ;0.000000 ; 0.000000 ; 0.000000 
164 ;0.000000 ; 0.000000 ; 0.000000 
165 ;0.000000 ; 0.000000 ; 0.000000 
166 ;0.000000 ; 0.000000 ; 0.000000 
167 ;0.000000 ; 0.000000 ; 0.000000 
168 ;0.000000 ; 0.000000 ; 0.000000 
169 ;0.000000 ; 0.000000 ; 0.000000 
170 ;0.000000 ; 0.000000 ; 0.000000 
171 ;0.000000 ; 0.000000 ; 0.000000 
172 ;0.000000 ; 0.000000 ; 0.000000 
173 ;0.000000 ; 0.000000 ; 0.000000 
174 ;0.000000 ; 0.000000 ; 0.000000 
175 ;0.000000 ; 0.000000 ; 0.000000 
176 ;0.000000 ; 0.000000 ; 0.000000 
177 ;0.000000 ; 0.000000 ; 0.000000 
178 ;0.000000 ; 0.000000 ; 0.000000 
179 ;0.000000 ; 0.000000 ; 0.000000 
180 ;0.000000 ; 0.000000 ; 0.000000 
181 ;0.000000 ; 0.000000 ; 0.000000 
182 ;0.000000 ; 0.000000 ; 0.000000 
183 ;0.000000 ; 0.000000 ; 0.000000 
184 ;0.000000 ; 0.000000 ; 0.000000 
185 ;0.000000 ; 0.000000 ; 0.000000 
186 ;0.000000 ; 0.000000 ; 0.000000 
187 ;0.000000 ; 0.000000 ; 0.000000 
188 ;0.000000 ; 0.000000 ; 0.000000 
189 ;0.000000 ; 0.000000 ; 0.000000 
190 ;0.000000 ; 0.000000 ; 0.000000 
191 ;0.000000 ; 0.000000 ; 0.000000 
192 ;0.000000 ; 0.000000 ; 0.000000 
193 ;0.000000 ; 0.000000 ; 0.000000 
194 ;0.000000 ; 0.000000 ; 0.000000 
195 ;0.000000 ; 0.000000 ; 0.000000 
196 ;0.000000 ; 0.000000 ; 0.000000 
197 ;0.000000 ; 0.000000 ; 0.000000 
198 ;0.000000 ; 0.000000 ; 0.000000 
199 ;0.000000 ; 0.000000 ; 0.000000 
200 ;0.000000 ; 0.000000 ; 0.000000 
201 ;0.000000 ; 0.000000 ; 0.000000 
202 ;0.000000 ; 0.000000 ; 0.000000 
203 ;0.000000 ; 0.000000 ; 0.000000 
204 ;0.000000 ; 0.000000 ; 0.000000 
205 ;0.000000 ; 0.000000 ; 0.000000 
206 ;0.000000 ; 0.000000 ; 0.000000 
207 ;0.000000 ; 0.000000 ; 0.000000 
208 ;0.000000 ; 0.000000 ; 0.000000 
209 ;0.000000 ; 0.000000 ; 0.000000 
210 ;0.000000 ; 0.000000 ; 0.000000 
211 ;0.000000 ; 0.000000 ; 0.000000 
212 ;0.000000 ; 0.000000 ; 0.000000 
213 ;0.000000 ; 0.000000 ; 0.000000 
214 ;0.000000 ; 0.000000 ; 0.000000 
215 ;0.000000 ; 0.000000 ; 0.000000 
216 ;0.000000 ; 0.000000 ; 0.000000 
217 ;0.000000 ; 0.000000 ; 0.000000 
218 ;0.000000 ; 0.000000 ; 0.000000 
219 ;0.000000 ; 0.000000 ; 0.000000 
220 ;0.000000 ; 0.000000 ; 0.000000 
221 ;0.000000 ; 0.000000 ; 0.000000 
222 ;0.000000 ; 0.000000 ; 0.000000 
223 ;0.000000 ; 0.000000 ; 0.000000 
224 ;0.000000 ; 0.000000 ; 0.000000 
225 ;0.000000 ; 0.000000 ; 0.000000 
226 ;0.000000 ; 0.000000 ; 0.000000 
227 ;0.000000 ; 0.000000 ; 0.000000 
228 ;0.000000 ; 0.000000 ; 0.000000 
229 ;0.000000 ; 0.000000 ; 0.000000 
230 ;0.000000 ; 0.000000 ; 0.000000 
231 ;0.000000 ; 0.000000 ; 0.000000 
232 ;0.000000 ; 0.000000 ; 0.000000 
233 ;0.000000 ; 0.000000 ; 0.000000 
234 ;0.000000 ; 0.000000 ; 0.000000 
235 ;0.000000 ; 0.000000 ; 0.000000 
236 ;0.000000 ; 0.000000 ; 0.000000 
237 ;0.000000 ; 0.000000 ; 0.000000 
238 ;0.000000 ; 0.000000 ; 0.000000 
239 ;0.000000 ; 0.000000 ; 0.000000 
240 ;0.000000 ; 0.000000 ; 0.000000 
241 ;0.000000 ; 0.000000 ; 0.000000 
242 ;0.000000 ; 0.000000 ; 0.000000 
243 ;0.000000 ; 0.000000 ; 0.000000 
244 ;0.000000 ; 0.000000 ; 0.000000 
245 ;0.000000 ; 0.000000 ; 0.000000 
246 ;0.000000 ; 0.000000 ; 0.000000 
247 ;0.000000 ; 0.000000 ; 0.000000 
248 ;0.000000 ; 0.000000 ; 0.000000 
249 ;0.000000 ; 0.000000 ; 0.000000 
250 ;0.000000 ; 0.000000 ; 0.000000 
251 ;0.000000 ; 0.000000 ; 0.000000 
252 ;0.000000 ; 0.000000 ; 0.000000 
253 ;0.000000 ; 0.000000 ; 0.000000 
254 ;0.000000 ; 0.000000 ; 0.000000 
255 ;0.000000 ; 0.000000 ; 0.000000 
256 ;0.000000 ; 0.000000 ; 0.000000 
257 ;0.000000 ; 0.000000 ; 0.000000 
258 ;0.000000 ; 0.000000 ; 0.000000 
259 ;0.000000 ; 0.000000 ; 0.000000 
260 ;0.000000 ; 0.000000 ; 0.000000 
261 ;0.000000 ; 0.000000 ; 0.000000 
262 ;0.000000 ; 0.000000 ; 0.000000 
263 ;0.000000 ; 0.000000 ; 0.000000 
264 ;0.000000 ; 0.000000 ; 0.000000 
265 ;0.000000 ; 0.000000 ; 0.000000 
266 ;0.000000 ; 0.000000 ; 0.000000 
267 ;0.000000 ; 0.000000 ; 0.000000 
268 ;0.000000 ; 0.000000 ; 0.000000 
269 ;0.000000 ; 0.000000 ; 0.000000 
270 ;0.000000 ; 0.000000 ; 0.000000 
271 ;0.000000 ; 0.000000 ; 0.000000 
272 ;0.000000 ; 0.000000 ; 0.000000 
273 ;0.000000 ; 0.000000 ; 0.000000 
274 ;0.000000 ; 0.000000 ; 0.000000 
275 ;0.000000 ; 0.000000 ; 0.000000 
276 ;0.000000 ; 0.000000 ; 0.000000 
277 ;0.000000 ; 0.000000 ; 0.000000 
278 ;0.000000 ; 0.000000 ; 0.000000 
279 ;0.000000 ; 0.000000 ; 0.000000 
280 ;0.000000 ; 0.000000 ; 0.000000 
281 ;0.000000 ; 0.000000 ; 0.000000 
282 ;0.000000 ; 0.000000 ; 0.000000 
283 ;0.000000 ; 0.000000 ; 0.000000 
284 ;0.000000 ; 0.000000 ; 0.000000 
285 ;0.000000 ; 0.000000 ; 0.000000 
286 ;0.000000 ; 0.000000 ; 0.000000 
287 ;0.000000 ; 0.000000 ; 0.000000 
288 ;0.000000 ; 0.000000 ; 0.000000 
289 ;0.000000 ; 0.000000 ; 0.000000 
290 ;0.000000 ; 0.000000 ; 0.000000 
291 ;0.000000 ; 0.000000 ; 0.000000 
292 ;0.000000 ; 0.000000 ; 0.000000 
293 ;0.000000 ; 0.000000 ; 0.000000 
294 ;0.000000 ; 0.000000 ; 0.000000 
295 ;0.000000 ; 0.000000 ; 0.000000 
296 ;0.000000 ; 0.000000 ; 0.000000 
297 ;0.000000 ; 0.000000 ; 0.000000 
298 ;0.000000 ; 0.000000 ; 0.000000 
299 ;0.000000 ; 0.000000 ; 0.000000 
300 ;0.000000 ; 0.000000 ; 0.000000 
301 ;0.000000 ; 0.000000 ; 0.000000 
302 ;0.000000 ; 0.000000 ; 0.000000 
303 ;0.000000 ; 0.000000 ; 0.000000 
304 ;0.000000 ; 0.000000 ; 0.000000 
305 ;0.000000 ; 0.000000 ; 0.000000 
306 ;0.000000 ; 0.000000 ; 0.000000 
307 ;0.000000 ; 0.000000 ; 0.000000 
308 ;0.000000 ; 0.000000 ; 0.000000 
309 ;0.000000 ; 0.000000 ; 0.000000 
310 ;0.000000 ; 0.000000 ; 0.000000 
311 ;0.000000 ; 0.000000 ; 0.000000 
312 ;0.000000 ; 0.000000 ; 0.000000 
313 ;0.000000 ; 0.000000 ; 0.000000 
314 ;0.000000 ; 0.000000 ; 0.000000 
315 ;0.000000 ; 0.000000 ; 0.000000 
316 ;0.000000 ; 0.000000 ; 0.000000 
317 ;0.000000 ; 0.000000 ; 0.000000 
318 ;0.000000 ; 0.000000 ; 0.000000 
319 ;0.000000 ; 0.000000 ; 0.000000 
320 ;0.000000 ; 0.000000 ; 0.000000 
321 ;0.000000 ; 0.000000 ; 0.000000 
322 ;0.000000 ; 0.000000 ; 0.000000 
323 ;0.000000 ; 0.000000 ; 0.000000 
324 ;0.000000 ; 0.000000 ; 0.000000 
325 ;0.000000 ; 0.000000 ; 0.000000 
326 ;0.000000 ; 0.000000 ; 0.000000 
327 ;0.000000 ; 0.000000 ; 0.000000 
328 ;0.000000 ; 0.000000 ; 0.000000 
329 ;0.000000 ; 0.000000 ; 0.000000 
330 ;0.000000 ; 0.000000 ; 0.000000 
331 ;0.000000 ; 0.000000 ; 0.000000 
332 ;0.000000 ; 0.000000 ; 0.000000 
333 ;0.000000 ; 0.000000 ; 0.000000 
334 ;0.000000 ; 0.000000 ; 0.000000 
335 ;0.000000 ; 0.000000 ; 0.000000 
336 ;0.000000 ; 0.000000 ; 0.000000 
337 ;0.000000 ; 0.000000 ; 0.000000 
338 ;0.000000 ; 0.000000 ; 0.000000 
339 ;0.000000 ; 0.000000 ; 0.000000 
340 ;0.000000 ; 0.000000 ; 0.000000 
341 ;0.000000 ; 0.000000 ; 0.000000 
342 ;0.000000 ; 0.000000 ; 0.000000 
343 ;0.000000 ; 0.000000 ; 0.000000 
344 ;0.000000 ; 0.000000 ; 0.000000 
345 ;0.000000 ; 0.000000 ; 0.000000 
346 ;0.000000 ; 0.000000 ; 0.000000 
347 ;0.000000 ; 0.000000 ; 0.000000 
348 ;0.000000 ; 0.000000 ; 0.000000 
349 ;0.000000 ; 0.000000 ; 0.000000 
350 ;0.000000 ; 0.000000 ; 0.000000 
351 ;0.000000 ; 0.000000 ; 0.000000 
352 ;0.000000 ; 0.000000 ; 0.000000 
353 ;0.000000 ; 0.000000 ; 0.000000 
354 ;0.000000 ; 0.000000 ; 0.000000 
355 ;0.000000 ; 0.000000 ; 0.000000 
356 ;0.000000 ; 0.000000 ; 0.000000 
357 ;0.000000 ; 0.000000 ; 0.000000 
358 ;0.000000 ; 0.000000 ; 0.000000 
359 ;0.000000 ; 0.000000 ; 0.000000 
360 ;0.000000 ; 0.000000 ; 0.000000 
361 ;0.000000 ; 0.000000 ; 0.000000 
362 ;0.000000 ; 0.000000 ; 0.000000 
363 ;0.000000 ; 0.000000 ; 0.000000 
364 ;0.000000 ; 0.000000 ; 0.000000 
365 ;0.000000 ; 0.000000 ; 0.000000 
366 ;0.000000 ; 0.000000 ; 0.000000 
367 ;0.000000 ; 0.000000 ; 0.000000 
368 ;0.000000 ; 0.000000 ; 0.000000 
369 ;0.000000 ; 0.000000 ; 0.000000 
370 ;0.000000 ; 0.000000 ; 0.000000 
371 ;0.000000 ; 0.000000 ; 0.000000 
372 ;0.000000 ; 0.000000 ; 0.000000 
373 ;0.000000 ; 0.000000 ; 0.000000 
374 ;0.000000 ; 0.000000 ; 0.000000 
375 ;0.000000 ; 0.000000 ; 0.000000 
376 ;0.000000 ; 0.000000 ; 0.000000 
377 ;0.000000 ; 0.000000 ; 0.000000 
378 ;0.000000 ; 0.000000 ; 0.000000 
379 ;0.000000 ; 0.000000 ; 0.000000 
380 ;0.000000 ; 0.000000 ; 0.000000 
381 ;0.000000 ; 0.000000 ; 0.000000 
382 ;0.000000 ; 0.000000 ; 0.000000 
383 ;0.000000 ; 0.000000 ; 0.000000 
384 ;0.000000 ; 0.000000 ; 0.000000 
385 ;0.000000 ; 0.000000 ; 0.000000 
386 ;0.000000 ; 0.000000 ; 0.000000 
387 ;0.000000 ; 0.000000 ; 0.000000 
388 ;0.000000 ; 0.000000 ; 0.000000 
389 ;0.000000 ; 0.000000 ; 0.000000 
390 ;0.000000 ; 0.000000 ; 0.000000 
391 ;0.000000 ; 0.000000 ; 0.000000 
392 ;0.000000 ; 0.000000 ; 0.000000 
393 ;0.000000 ; 0.000000 ; 0.000000 
394 ;0.000000 ; 0.000000 ; 0.000000 
395 ;0.000000 ; 0.000000 ; 0.000000 
396 ;0.000000 ; 0.000000 ; 0.000000 
397 ;0.000000 ; 0.000000 ; 0.000000 
398 ;0.000000 ; 0.000000 ; 0.000000 
399 ;0.000000 ; 0.000000 ; 0.000000 
400 ;0.000000 ; 0.000000 ; 0.000000 
401 ;0.000000 ; 0.000000 ; 0.000000 
402 ;0.000000 ; 0.000000 ; 0.000000 
403 ;0.000000 ; 0.000000 ; 0.000000 
404 ;0.000000 ; 0.000000 ; 0.000000 
405 ;0.000000 ; 0.000000 ; 0.000000 
406 ;0.000000 ; 0.000000 ; 0.000000 
407 ;0.000000 ; 0.000000 ; 0.000000 
408 ;0.000000 ; 0.000000 ; 0.000000 
409 ;0.000000 ; 0.000000 ; 0.000000 
410 ;0.000000 ; 0.000000 ; 0.000000 
411 ;0.000000 ; 0.000000 ; 0.000000 
412 ;0.000000 ; 0.000000 ; 0.000000 
413 ;0.000000 ; 0.000000 ; 0.000000 
414 ;0.000000 ; 0.000000 ; 0.000000 
415 ;0.000000 ; 0.000000 ; 0.000000 
416 ;0.000000 ; 0.000000 ; 0.000000 
417 ;0.000000 ; 0.000000 ; 0.000000 
418 ;0.000000 ; 0.000000 ; 0.000000 
419 ;0.000000 ; 0.000000 ; 0.000000 
420 ;0.000000 ; 0.000000 ; 0.000000 
421 ;0.000000 ; 0.000000 ; 0.000000 
422 ;0.000000 ; 0.000000 ; 0.000000 
423 ;0.000000 ; 0.000000 ; 0.000000 
424 ;0.000000 ; 0.000000 ; 0.000000 
425 ;0.000000 ; 0.000000 ; 0.000000 
426 ;0.000000 ; 0.000000 ; 0.000000 
427 ;0.000000 ; 0.000000 ; 0.000000 
428 ;0.000000 ; 0.000000 ; 0.000000 
429 ;0.000000 ; 0.000000 ; 0.000000 
430 ;0.000000 ; 0.000000 ; 0.000000 
431 ;0.000000 ; 0.000000 ; 0.000000 
432 ;0.000000 ; 0.000000 ; 0.000000 
433 ;0.000000 ; 0.000000 ; 0.000000 
434 ;0.000000 ; 0.000000 ; 0.000000 
435 ;0.000000 ; 0.000000 ; 0.000000 
436 ;0.000000 ; 0.000000 ; 0.000000 
437 ;0.000000 ; 0.000000 ; 0.000000 
438 ;0.000000 ; 0.000000 ; 0.000000 
439 ;0.000000 ; 0.000000 ; 0.000000 
440 ;0.000000 ; 0.000000 ; 0.000000 
441 ;0.000000 ; 0.000000 ; 0.000000 
442 ;0.000000 ; 0.000000 ; 0.000000 
443 ;0.000000 ; 0.000000 ; 0.000000 
444 ;0.000000 ; 0.000000 ; 0.000000 
445 ;0.000000 ; 0.000000 ; 0.000000 
446 ;0.000000 ; 0.000000 ; 0.000000 
447 ;0.000000 ; 0.000000 ; 0.000000 
448 ;0.000000 ; 0.000000 ; 0.000000 
449 ;0.000000 ; 0.000000 ; 0.000000 
450 ;0.000000 ; 0.000000 ; 0.000000 
451 ;0.000000 ; 0.000000 ; 0.000000 
452 ;0.000000 ; 0.000000 ; 0.000000 
453 ;0.000000 ; 0.000000 ; 0.000000 
454 ;0.000000 ; 0.000000 ; 0.000000 
455 ;0.000000 ; 0.000000 ; 0.000000 
456 ;0.000000 ; 0.000000 ; 0.000000 
457 ;0.000000 ; 0.000000 ; 0.000000 
458 ;0.000000 ; 0.000000 ; 0.000000 
459 ;0.000000 ; 0.000000 ; 0.000000 
460 ;0.000000 ; 0.000000 ; 0.000000 
461 ;0.000000 ; 0.000000 ; 0.000000 
462 ;0.000000 ; 0.000000 ; 0.000000 
463 ;0.000000 ; 0.000000 ; 0.000000 
464 ;0.000000 ; 0.000000 ; 0.000000 
465 ;0.000000 ; 0.000000 ; 0.000000 
466 ;0.000000 ; 0.000000 ; 0.000000 
467 ;0.000000 ; 0.000000 ; 0.000000 
468 ;0.000000 ; 0.000000 ; 0.000000 
469 ;0.000000 ; 0.000000 ; 0.000000 
470 ;0.000000 ; 0.000000 ; 0.000000 
471 ;0.000000 ; 0.000000 ; 0.000000 
472 ;0.000000 ; 0.000000 ; 0.000000 
473 ;0.000000 ; 0.000000 ; 0.000000 
474 ;0.000000 ; 0.000000 ; 0.000000 
475 ;0.000000 ; 0.000000 ; 0.000000 
476 ;0.000000 ; 0.000000 ; 0.000000 
477 ;0.000000 ; 0.000000 ; 0.000000 
478 ;0.000000 ; 0.000000 ; 0.000000 
479 ;0.000000 ; 0.000000 ; 0.000000 
480 ;0.000000 ; 0.000000 ; 0.000000 
481 ;0.000000 ; 0.000000 ; 0.000000 
482 ;0.000000 ; 0.000000 ; 0.000000 
483 ;0.000000 ; 0.000000 ; 0.000000 
484 ;0.000000 ; 0.000000 ; 0.000000 
485 ;0.000000 ; 0.000000 ; 0.000000 
486 ;0.000000 ; 0.000000 ; 0.000000 
487 ;0.000000 ; 0.000000 ; 0.000000 
488 ;0.000000 ; 0.000000 ; 0.000000 
489 ;0.000000 ; 0.000000 ; 0.000000 
490 ;0.000000 ; 0.000000 ; 0.000000 
491 ;0.000000 ; 0.000000 ; 0.000000 
492 ;0.000000 ; 0.000000 ; 0.000000 
493 ;0.000000 ; 0.000000 ; 0.000000 
494 ;0.000000 ; 0.000000 ; 0.000000 
495 ;0.000000 ; 0.000000 ; 0.000000 
496 ;0.000000 ; 0.000000 ; 0.000000 
497 ;0.000000 ; 0.000000 ; 0.000000 
498 ;0.000000 ; 0.000000 ; 0.000000 
499 ;0.000000 ; 0.000000 ; 0.000000 
500 ;0.000000 ; 0.000000 ; 0.000000 
501 ;0.000000 ; 0.000000 ; 0.000000 
502 ;0.000000 ; 0.000000 ; 0.000000 
503 ;0.000000 ; 0.000000 ; 0.000000 
504 ;0.000000 ; 0.000000 ; 0.000000 
505 ;0.000000 ; 0.000000 ; 0.000000 
506 ;0.000000 ; 0.000000 ; 0.000000 
507 ;0.000000 ; 0.000000 ; 0.000000 
508 ;0.000000 ; 0.000000 ; 0.000000 
509 ;0.000000 ; 0.000000 ; 0.000000 
510 ;0.000000 ; 0.000000 ; 0.000000 
511 ;0.000000 ; 0.000000 ; 0.000000 
512 ;0.000000 ; 0.000000 ; 0.000000 
513 ;0.000000 ; 0.000000 ; 0.000000 
514 ;0.000000 ; 0.000000 ; 0.000000 
515 ;0.000000 ; 0.000000 ; 0.000000 
516 ;0.000000 ; 0.000000 ; 0.000000 
517 ;0.000000 ; 0.000000 ; 0.000000 
518 ;0.000000 ; 0.000000 ; 0.000000 
519 ;0.000000 ; 0.000000 ; 0.000000 
520 ;0.000000 ; 0.000000 ; 0.000000 
521 ;0.000000 ; 0.000000 ; 0.000000 
522 ;0.000000 ; 0.000000 ; 0.000000 
523 ;0.000000 ; 0.000000 ; 0.000000 
524 ;0.000000 ; 0.000000 ; 0.000000 
525 ;0.000000 ; 0.000000 ; 0.000000 
526 ;0.000000 ; 0.000000 ; 0.000000 
527 ;0.000000 ; 0.000000 ; 0.000000 
528 ;0.000000 ; 0.000000 ; 0.000000 
529 ;0.000000 ; 0.000000 ; 0.000000 
530 ;0.000000 ; 0.000000 ; 0.000000 
531 ;0.000000 ; 0.000000 ; 0.000000 
532 ;0.000000 ; 0.000000 ; 0.000000 
533 ;0.000000 ; 0.000000 ; 0.000000 
534 ;0.000000 ; 0.000000 ; 0.000000 
535 ;0.000000 ; 0.000000 ; 0.000000 
536 ;0.000000 ; 0.000000 ; 0.000000 
537 ;0.000000 ; 0.000000 ; 0.000000 
538 ;0.000000 ; 0.000000 ; 0.000000 
539 ;0.000000 ; 0.000000 ; 0.000000 
540 ;0.000000 ; 0.000000 ; 0.000000 
541 ;0.000000 ; 0.000000 ; 0.000000 
542 ;0.000000 ; 0.000000 ; 0.000000 
543 ;0.000000 ; 0.000000 ; 0.000000 
544 ;0.000000 ; 0.000000 ; 0.000000 
545 ;0.000000 ; 0.000000 ; 0.000000 
546 ;0.000000 ; 0.000000 ; 0.000000 
547 ;0.000000 ; 0.000000 ; 0.000000 
548 ;0.000000 ; 0.000000 ; 0.000000 
549 ;0.000000 ; 0.000000 ; 0.000000 
550 ;0.000000 ; 0.000000 ; 0.000000 
551 ;0.000000 ; 0.000000 ; 0.000000 
552 ;0.000000 ; 0.000000 ; 0.000000 
553 ;0.000000 ; 0.000000 ; 0.000000 
554 ;0.000000 ; 0.000000 ; 0.000000 
555 ;0.000000 ; 0.000000 ; 0.000000 
556 ;0.000000 ; 0.000000 ; 0.000000 
557 ;0.000000 ; 0.000000 ; 0.000000 
558 ;0.000000 ; 0.000000 ; 0.000000 
559 ;0.000000 ; 0.000000 ; 0.000000 
560 ;0.000000 ; 0.000000 ; 0.000000 
561 ;0.000000 ; 0.000000 ; 0.000000 
562 ;0.000000 ; 0.000000 ; 0.000000 
563 ;0.000000 ; 0.000000 ; 0.000000 
564 ;0.000000 ; 0.000000 ; 0.000000 
565 ;0.000000 ; 0.000000 ; 0.000000 
566 ;0.000000 ; 0.000000 ; 0.000000 
567 ;0.000000 ; 0.000000 ; 0.000000 
568 ;0.000000 ; 0.000000 ; 0.000000 
569 ;0.000000 ; 0.000000 ; 0.000000 
570 ;0.000000 ; 0.000000 ; 0.000000 
571 ;0.000000 ; 0.000000 ; 0.000000 
572 ;0.000000 ; 0.000000 ; 0.000000 
573 ;0.000000 ; 0.000000 ; 0.000000 
574 ;0.000000 ; 0.000000 ; 0.000000 
575 ;0.000000 ; 0.000000 ; 0.000000 
576 ;0.000000 ; 0.000000 ; 0.000000 
577 ;0.000000 ; 0.000000 ; 0.000000 
578 ;0.000000 ; 0.000000 ; 0.000000 
579 ;0.000000 ; 0.000000 ; 0.000000 
580 ;0.000000 ; 0.000000 ; 0.000000 
581 ;0.000000 ; 0.000000 ; 0.000000 
582 ;0.000000 ; 0.000000 ; 0.000000 
583 ;0.000000 ; 0.000000 ; 0.000000 
584 ;0.000000 ; 0.000000 ; 0.000000 
585 ;0.000000 ; 0.000000 ; 0.000000 
586 ;0.000000 ; 0.000000 ; 0.000000 
587 ;0.000000 ; 0.000000 ; 0.000000 
588 ;0.000000 ; 0.000000 ; 0.000000 
589 ;0.000000 ; 0.000000 ; 0.000000 
590 ;0.000000 ; 0.000000 ; 0.000000 
591 ;0.000000 ; 0.000000 ; 0.000000 
592 ;0.000000 ; 0.000000 ; 0.000000 
593 ;0.000000 ; 0.000000 ; 0.000000 
594 ;0.000000 ; 0.000000 ; 0.000000 
595 ;0.000000 ; 0.000000 ; 0.000000 
596 ;0.000000 ; 0.000000 ; 0.000000 
597 ;0.000000 ; 0.000000 ; 0.000000 
598 ;0.000000 ; 0.000000 ; 0.000000 
599 ;0.000000 ; 0.000000 ; 0.000000 
600 ;0.000000 ; 0.000000 ; 0.000000 
601 ;0.000000 ; 0.000000 ; 0.000000 
602 ;0.000000 ; 0.000000 ; 0.000000 
603 ;0.000000 ; 0.000000 ; 0.000000 
604 ;0.000000 ; 0.000000 ; 0.000000 
605 ;0.000000 ; 0.000000 ; 0.000000 
606 ;0.000000 ; 0.000000 ; 0.000000 
607 ;0.000000 ; 0.000000 ; 0.000000 
608 ;0.000000 ; 0.000000 ; 0.000000 
609 ;0.000000 ; 0.000000 ; 0.000000 
610 ;0.000000 ; 0.000000 ; 0.000000 
611 ;0.000000 ; 0.000000 ; 0.000000 
612 ;0.000000 ; 0.000000 ; 0.000000 
613 ;0.000000 ; 0.000000 ; 0.000000 
614 ;0.000000 ; 0.000000 ; 0.000000 
615 ;0.000000 ; 0.000000 ; 0.000000 
616 ;0.000000 ; 0.000000 ; 0.000000 
617 ;0.000000 ; 0.000000 ; 0.000000 
618 ;0.000000 ; 0.000000 ; 0.000000 
619 ;0.000000 ; 0.000000 ; 0.000000 
620 ;0.000000 ; 0.000000 ; 0.000000 
621 ;0.000000 ; 0.000000 ; 0.000000 
622 ;0.000000 ; 0.000000 ; 0.000000 
623 ;0.000000 ; 0.000000 ; 0.000000 
624 ;0.000000 ; 0.000000 ; 0.000000 
625 ;0.000000 ; 0.000000 ; 0.000000 
626 ;0.000000 ; 0.000000 ; 0.000000 
627 ;0.000000 ; 0.000000 ; 0.000000 
628 ;0.000000 ; 0.000000 ; 0.000000 
629 ;0.000000 ; 0.000000 ; 0.000000 
630 ;0.000000 ; 0.000000 ; 0.000000 
631 ;0.000000 ; 0.000000 ; 0.000000 
632 ;0.000000 ; 0.000000 ; 0.000000 
633 ;0.000000 ; 0.000000 ; 0.000000 
634 ;0.000000 ; 0.000000 ; 0.000000 
635 ;0.000000 ; 0.000000 ; 0.000000 
636 ;0.000000 ; 0.000000 ; 0.000000 
637 ;0.000000 ; 0.000000 ; 0.000000 
638 ;0.000000 ; 0.000000 ; 0.000000 
639 ;0.000000 ; 0.000000 ; 0.000000 
640 ;0.000000 ; 0.000000 ; 0.000000 
641 ;0.000000 ; 0.000000 ; 0.000000 
642 ;0.000000 ; 0.000000 ; 0.000000 
643 ;0.000000 ; 0.000000 ; 0.000000 
644 ;0.000000 ; 0.000000 ; 0.000000 
645 ;0.000000 ; 0.000000 ; 0.000000 
646 ;0.000000 ; 0.000000 ; 0.000000 
647 ;0.000000 ; 0.000000 ; 0.000000 
648 ;0.000000 ; 0.000000 ; 0.000000 
649 ;0.000000 ; 0.000000 ; 0.000000 
650 ;0.000000 ; 0.000000 ; 0.000000 
651 ;0.000000 ; 0.000000 ; 0.000000 
652 ;0.000000 ; 0.000000 ; 0.000000 
653 ;0.000000 ; 0.000000 ; 0.000000 
654 ;0.000000 ; 0.000000 ; 0.000000 
655 ;0.000000 ; 0.000000 ; 0.000000 
656 ;0.000000 ; 0.000000 ; 0.000000 
657 ;0.000000 ; 0.000000 ; 0.000000 
658 ;0.000000 ; 0.000000 ; 0.000000 
659 ;0.000000 ; 0.000000 ; 0.000000 
660 ;0.000000 ; 0.000000 ; 0.000000 
661 ;0.000000 ; 0.000000 ; 0.000000 
662 ;0.000000 ; 0.000000 ; 0.000000 
663 ;0.000000 ; 0.000000 ; 0.000000 
664 ;0.000000 ; 0.000000 ; 0.000000 
665 ;0.000000 ; 0.000000 ; 0.000000 
666 ;0.000000 ; 0.000000 ; 0.000000 
667 ;0.000000 ; 0.000000 ; 0.000000 
668 ;0.000000 ; 0.000000 ; 0.000000 
669 ;0.000000 ; 0.000000 ; 0.000000 
670 ;0.000000 ; 0.000000 ; 0.000000 
671 ;0.000000 ; 0.000000 ; 0.000000 
672 ;0.000000 ; 0.000000 ; 0.000000 
673 ;0.000000 ; 0.000000 ; 0.000000 
674 ;0.000000 ; 0.000000 ; 0.000000 
675 ;0.000000 ; 0.000000 ; 0.000000 
676 ;0.000000 ; 0.000000 ; 0.000000 
677 ;0.000000 ; 0.000000 ; 0.000000 
678 ;0.000000 ; 0.000000 ; 0.000000 
679 ;0.000000 ; 0.000000 ; 0.000000 
680 ;0.000000 ; 0.000000 ; 0.000000 
681 ;0.000000 ; 0.000000 ; 0.000000 
682 ;0.000000 ; 0.000000 ; 0.000000 
683 ;0.000000 ; 0.000000 ; 0.000000 
684 ;0.000000 ; 0.000000 ; 0.000000 
685 ;0.000000 ; 0.000000 ; 0.000000 
686 ;0.000000 ; 0.000000 ; 0.000000 
687 ;0.000000 ; 0.000000 ; 0.000000 
688 ;0.000000 ; 0.000000 ; 0.000000 
689 ;0.000000 ; 0.000000 ; 0.000000 
690 ;0.000000 ; 0.000000 ; 0.000000 
691 ;0.000000 ; 0.000000 ; 0.000000 
692 ;0.000000 ; 0.000000 ; 0.000000 
693 ;0.000000 ; 0.000000 ; 0.000000 
694 ;0.000000 ; 0.000000 ; 0.000000 
695 ;0.000000 ; 0.000000 ; 0.000000 
696 ;0.000000 ; 0.000000 ; 0.000000 
697 ;0.000000 ; 0.000000 ; 0.000000 
698 ;0.000000 ; 0.000000 ; 0.000000 
699 ;0.000000 ; 0.000000 ; 0.000000 
700 ;0.000000 ; 0.000000 ; 0.000000 
701 ;0.000000 ; 0.000000 ; 0.000000 
702 ;0.000000 ; 0.000000 ; 0.000000 
703 ;0.000000 ; 0.000000 ; 0.000000 
704 ;0.000000 ; 0.000000 ; 0.000000 
705 ;0.000000 ; 0.000000 ; 0.000000 
706 ;0.000000 ; 0.000000 ; 0.000000 
707 ;0.000000 ; 0.000000 ; 0.000000 
708 ;0.000000 ; 0.000000 ; 0.000000 
709 ;0.000000 ; 0.000000 ; 0.000000 
710 ;0.000000 ; 0.000000 ; 0.000000 
711 ;0.000000 ; 0.000000 ; 0.000000 
712 ;0.000000 ; 0.000000 ; 0.000000 
713 ;0.000000 ; 0.000000 ; 0.000000 
714 ;0.000000 ; 0.000000 ; 0.000000 
715 ;0.000000 ; 0.000000 ; 0.000000 
716 ;0.000000 ; 0.000000 ; 0.000000 
717 ;0.000000 ; 0.000000 ; 0.000000 
718 ;0.000000 ; 0.000000 ; 0.000000 
719 ;0.000000 ; 0.000000 ; 0.000000 
720 ;0.000000 ; 0.000000 ; 0.000000 
721 ;0.000000 ; 0.000000 ; 0.000000 
722 ;0.000000 ; 0.000000 ; 0.000000 
723 ;0.000000 ; 0.000000 ; 0.000000 
724 ;0.000000 ; 0.000000 ; 0.000000 
725 ;0.000000 ; 0.000000 ; 0.000000 
726 ;0.000000 ; 0.000000 ; 0.000000 
727 ;0.000000 ; 0.000000 ; 0.000000 
728 ;0.000000 ; 0.000000 ; 0.000000 
729 ;0.000000 ; 0.000000 ; 0.000000 
730 ;0.000000 ; 0.000000 ; 0.000000 
731 ;0.000000 ; 0.000000 ; 0.000000 
732 ;0.000000 ; 0.000000 ; 0.000000 
733 ;0.000000 ; 0.000000 ; 0.000000 
734 ;0.000000 ; 0.000000 ; 0.000000 
735 ;0.000000 ; 0.000000 ; 0.000000 
736 ;0.000000 ; 0.000000 ; 0.000000 
737 ;0.000000 ; 0.000000 ; 0.000000 
738 ;0.000000 ; 0.000000 ; 0.000000 
739 ;0.000000 ; 0.000000 ; 0.000000 
740 ;0.000000 ; 0.000000 ; 0.000000 
741 ;0.000000 ; 0.000000 ; 0.000000 
742 ;0.000000 ; 0.000000 ; 0.000000 
743 ;0.000000 ; 0.000000 ; 0.000000 
744 ;0.000000 ; 0.000000 ; 0.000000 
745 ;0.000000 ; 0.000000 ; 0.000000 
746 ;0.000000 ; 0.000000 ; 0.000000 
747 ;0.000000 ; 0.000000 ; 0.000000 
748 ;0.000000 ; 0.000000 ; 0.000000 
749 ;0.000000 ; 0.000000 ; 0.000000 
750 ;0.000000 ; 0.000000 ; 0.000000 
751 ;0.000000 ; 0.000000 ; 0.000000 
752 ;0.000000 ; 0.000000 ; 0.000000 
753 ;0.000000 ; 0.000000 ; 0.000000 
754 ;0.000000 ; 0.000000 ; 0.000000 
755 ;0.000000 ; 0.000000 ; 0.000000 
756 ;0.000000 ; 0.000000 ; 0.000000 
757 ;0.000000 ; 0.000000 ; 0.000000 
758 ;0.000000 ; 0.000000 ; 0.000000 
759 ;0.000000 ; 0.000000 ; 0.000000 
760 ;0.000000 ; 0.000000 ; 0.000000 
761 ;0.000000 ; 0.000000 ; 0.000000 
762 ;0.000000 ; 0.000000 ; 0.000000 
763 ;0.000000 ; 0.000000 ; 0.000000 
764 ;0.000000 ; 0.000000 ; 0.000000 
765 ;0.000000 ; 0.000000 ; 0.000000 
766 ;0.000000 ; 0.000000 ; 0.000000 
767 ;0.000000 ; 0.000000 ; 0.000000 
768 ;0.000000 ; 0.000000 ; 0.000000 
769 ;0.000000 ; 0.000000 ; 0.000000 
770 ;0.000000 ; 0.000000 ; 0.000000 
771 ;0.000000 ; 0.000000 ; 0.000000 
774 ;0.000000 ; 0.000000 ; -1.201311 
777 ;0.000000 ; 0.015394 ; -0.809765 
780 ;0.000000 ; 0.039270 ; -0.905893 
783 ;0.000000 ; 0.057177 ; -0.752575 
786 ;0.000000 ; 0.073828 ; -0.747872 
789 ;0.000000 ; 0.090478 ; -0.664617 
792 ;0.000000 ; 0.106814 ; -0.624292 
795 ;0.000000 ; 0.123779 ; -0.565431 
798 ;0.000000 ; 0.142000 ; -0.518589 
801 ;0.000000 ; 0.156766 ; -0.481154 
804 ;0.000000 ; 0.171217 ; -0.443729 
807 ;0.000000 ; 0.185354 ; -0.410879 
810 ;0.000000 ; 0.197921 ; -0.382823 
813 ;0.000000 ; 0.212372 ; -0.347741 
816 ;0.000000 ; 0.224624 ; -0.328719 
819 ;0.000000 ; 0.236248 ; -0.307404 
822 ;0.000000 ; 0.248186 ; -0.290643 
825 ;0.000000 ; 0.258239 ; -0.275618 
828 ;0.000000 ; 0.268292 ; -0.257128 
831 ;0.000000 ; 0.280544 ; -0.245670 
834 ;0.000000 ; 0.288713 ; -0.236422 
837 ;0.000000 ; 0.297509 ; -0.228911 
840 ;0.000000 ; 0.305049 ; -0.217473 
843 ;0.000000 ; 0.312274 ; -0.211583 
846 ;0.000000 ; 0.317615 ; -0.207375 
849 ;0.000000 ; 0.324527 ; -0.199744 
852 ;0.000000 ; 0.329867 ; -0.199129 
855 ;0.000000 ; 0.334266 ; -0.194663 
858 ;0.000000 ; 0.338664 ; -0.190966 
859 ;0.000000 ; 0.340549 ; -0.187270 
864 ;0.000000 ; 0.343376 ; -0.189486 
867 ;0.000000 ; 0.344633 ; -0.188972 
870 ;0.000000 ; 0.344319 ; -0.189664 
873 ;0.000000 ; 0.344319 ; -0.189744 
876 ;0.000000 ; 0.344633 ; -0.190192 
877 ;0.000000 ; 0.344633 ; -0.190056 
880 ;0.000000 ; 0.344633 ; -0.190556 
883 ;0.000000 ; 0.344633 ; -0.190862 
886 ;0.000000 ; 0.344633 ; -0.191316 
889 ;0.000000 ; 0.344633 ; -0.186519 
892 ;0.000000 ; 0.344633 ; -0.189281 
895 ;0.000000 ; 0.344633 ; -0.188788 
898 ;0.000000 ; 0.344633 ; -0.189863 
901 ;0.000000 ; 0.344633 ; -0.190145 
904 ;0.000000 ; 0.344633 ; -0.190908 
907 ;0.000000 ; 0.346204 ; -0.191466 
910 ;0.000000 ; 0.348089 ; -0.192189 
913 ;0.000000 ; 0.348403 ; -0.188536 
916 ;0.000000 ; 0.348403 ; -0.190475 
919 ;0.000000 ; 0.348403 ; -0.189760 
922 ;0.000000 ; 0.348403 ; -0.191172 
925 ;0.000000 ; 0.348403 ; -0.191736 
928 ;0.000000 ; 0.348403 ; -0.192820 
931 ;0.000000 ; 0.348403 ; -0.190214 
934 ;0.000000 ; 0.348403 ; -0.191331 
937 ;0.000000 ; 0.348403 ; -0.192082 
940 ;0.000000 ; 0.349345 ; -0.193333 
943 ;0.000000 ; 0.350916 ; -0.194385 
946 ;0.000000 ; 0.350916 ; -0.190402 
949 ;0.000000 ; 0.350916 ; -0.193881 
952 ;0.000000 ; 0.350916 ; -0.194183 
955 ;0.000000 ; 0.352487 ; -0.196036 
958 ;0.000000 ; 0.354372 ; -0.192784 
961 ;0.000000 ; 0.354372 ; -0.196401 
964 ;0.000000 ; 0.354372 ; -0.193456 
967 ;0.000000 ; 0.354372 ; -0.195559 
970 ;0.000000 ; 0.355628 ; -0.196593 
973 ;0.000000 ; 0.357199 ; -0.194172 
974 ;0.000000 ; 0.357199 ; -0.195707 
977 ;0.000000 ; 0.357199 ; -0.196275 
980 ;0.000000 ; 0.357199 ; -0.198377 
983 ;0.000000 ; 0.358770 ; -0.195624 
986 ;0.000000 ; 0.360969 ; -0.199615 
989 ;0.000000 ; 0.361283 ; -0.195374 
992 ;0.000000 ; 0.361283 ; -0.199228 
995 ;0.000000 ; 0.361283 ; -0.194126 
998 ;0.000000 ; 0.362540 ; -0.200118 
1001 ;0.000000 ; 0.363797 ; -0.196241 
1004 ;0.000000 ; 0.363482 ; -0.200473 
1007 ;0.000000 ; 0.365367 ; -0.196378 
1010 ;0.000000 ; 0.367252 ; -0.201536 
1013 ;0.000000 ; 0.367252 ; -0.199088 
1016 ;0.000000 ; 0.368509 ; -0.202263 
1019 ;0.000000 ; 0.370080 ; -0.200589 
1022 ;0.000000 ; 0.370080 ; -0.204389 
1025 ;0.000000 ; 0.371651 ; -0.201049 
1028 ;0.000000 ; 0.373850 ; -0.206325 
1031 ;0.000000 ; 0.373850 ; -0.203470 
1034 ;0.000000 ; 0.375106 ; -0.208024 
1037 ;0.000000 ; 0.376363 ; -0.204629 
1040 ;0.000000 ; 0.377620 ; -0.209414 
1043 ;0.000000 ; 0.379505 ; -0.205202 
1046 ;0.000000 ; 0.381075 ; -0.212108 
1049 ;0.000000 ; 0.381075 ; -0.209134 
1052 ;0.000000 ; 0.382646 ; -0.209932 
1055 ;0.000000 ; 0.384531 ; -0.209653 
1058 ;0.000000 ; 0.386416 ; -0.208538 
1061 ;0.000000 ; 0.387673 ; -0.213574 
1064 ;0.000000 ; 0.387673 ; -0.211807 
1065 ;0.000000 ; 0.389558 ; -0.208320 
1068 ;0.000000 ; 0.391128 ; -0.213094 
1071 ;0.000000 ; 0.390814 ; -0.210534 
1074 ;0.000000 ; 0.392385 ; -0.216691 
1077 ;0.000000 ; 0.394270 ; -0.212921 
1080 ;0.000000 ; 0.395841 ; -0.216187 
1083 ;0.000000 ; 0.397726 ; -0.214944 
1086 ;0.000000 ; 0.399297 ; -0.215743 
1089 ;0.000000 ; 0.400239 ; -0.215522 
1092 ;0.000000 ; 0.401496 ; -0.215066 
1095 ;0.000000 ; 0.403381 ; -0.220665 
1098 ;0.000000 ; 0.405580 ; -0.219506 
1101 ;0.000000 ; 0.406836 ; -0.220662 
1104 ;0.000000 ; 0.408721 ; -0.219782 
1107 ;0.000000 ; 0.411863 ; -0.219840 
1110 ;0.000000 ; 0.413120 ; -0.220340 
1113 ;0.000000 ; 0.415633 ; -0.222650 
1116 ;0.000000 ; 0.416575 ; -0.222789 
1119 ;0.000000 ; 0.418460 ; -0.223704 
1122 ;0.000000 ; 0.419717 ; -0.223404 
1125 ;0.000000 ; 0.421288 ; -0.224466 
1128 ;0.000000 ; 0.424429 ; -0.224229 
1131 ;0.000000 ; 0.427571 ; -0.230615 
1134 ;0.000000 ; 0.428828 ; -0.229925 
1137 ;0.000000 ; 0.431027 ; -0.231710 
1140 ;0.000000 ; 0.432283 ; -0.232227 
1143 ;0.000000 ; 0.433854 ; -0.233495 
1146 ;0.000000 ; 0.436996 ; -0.233556 
1149 ;0.000000 ; 0.440451 ; -0.236704 
1152 ;0.000000 ; 0.441708 ; -0.237215 
1155 ;0.000000 ; 0.443907 ; -0.237001 
1158 ;0.000000 ; 0.445792 ; -0.237639 
1161 ;0.000000 ; 0.448305 ; -0.238982 
1164 ;0.000000 ; 0.450505 ; -0.241105 
1167 ;0.000000 ; 0.453332 ; -0.243969 
1170 ;0.000000 ; 0.456159 ; -0.244986 
1173 ;0.000000 ; 0.457416 ; -0.245714 
1176 ;0.000000 ; 0.459301 ; -0.246419 
1179 ;0.000000 ; 0.462443 ; -0.247187 
1182 ;0.000000 ; 0.466213 ; -0.250581 
1185 ;0.000000 ; 0.468726 ; -0.251574 
1188 ;0.000000 ; 0.470297 ; -0.253440 
1191 ;0.000000 ; 0.471867 ; -0.254883 
1194 ;0.000000 ; 0.475323 ; -0.255730 
1197 ;0.000000 ; 0.477208 ; -0.256711 
1200 ;0.000000 ; 0.480978 ; -0.260271 
1203 ;0.000000 ; 0.482863 ; -0.261444 
1206 ;0.000000 ; 0.485376 ; -0.263477 
1209 ;0.000000 ; 0.487890 ; -0.265088 
1212 ;0.000000 ; 0.490403 ; -0.266964 
1215 ;0.000000 ; 0.493859 ; -0.268735 
1218 ;0.000000 ; 0.497628 ; -0.269727 
1221 ;0.000000 ; 0.498885 ; -0.272680 
1224 ;0.000000 ; 0.501398 ; -0.273338 
1225 ;0.000000 ; 0.503283 ; -0.269017 
1228 ;0.000000 ; 0.506111 ; -0.272479 
1231 ;0.000000 ; 0.508310 ; -0.272693 
1234 ;0.000000 ; 0.509881 ; -0.276188 
1237 ;0.000000 ; 0.512708 ; -0.277544 
1240 ;0.000000 ; 0.514907 ; -0.280712 
1243 ;0.000000 ; 0.518363 ; -0.282295 
1246 ;0.000000 ; 0.520562 ; -0.284523 
1249 ;0.000000 ; 0.525903 ; -0.279471 
1252 ;0.000000 ; 0.526845 ; -0.287790 
1255 ;0.000000 ; 0.529987 ; -0.285017 
1258 ;0.000000 ; 0.532186 ; -0.292449 
1261 ;0.000000 ; 0.535328 ; -0.291692 
1264 ;0.000000 ; 0.538469 ; -0.291584 
1267 ;0.000000 ; 0.542867 ; -0.289573 
1270 ;0.000000 ; 0.545066 ; -0.295318 
1273 ;0.000000 ; 0.547266 ; -0.293556 
1276 ;0.000000 ; 0.549779 ; -0.296181 
1279 ;0.000000 ; 0.552606 ; -0.299529 
1282 ;0.000000 ; 0.557005 ; -0.294508 
1285 ;0.000000 ; 0.559204 ; -0.298614 
1288 ;0.000000 ; 0.562974 ; -0.298811 
1291 ;0.000000 ; 0.565487 ; -0.302622 
1294 ;0.000000 ; 0.568628 ; -0.304960 
1297 ;0.000000 ; 0.571142 ; -0.307223 
1300 ;0.000000 ; 0.576168 ; -0.304077 
1303 ;0.000000 ; 0.577739 ; -0.305917 
1306 ;0.000000 ; 0.581509 ; -0.308613 
1309 ;0.000000 ; 0.583708 ; -0.309810 
1312 ;0.000000 ; 0.587792 ; -0.309603 
1315 ;0.000000 ; 0.589991 ; -0.308808 
1318 ;0.000000 ; 0.594704 ; -0.308957 
1321 ;0.000000 ; 0.596903 ; -0.312303 
1324 ;0.000000 ; 0.600987 ; -0.313112 
1325 ;0.000000 ; 0.602558 ; -0.311391 
1328 ;0.000000 ; 0.604757 ; -0.315270 
1331 ;0.000000 ; 0.608841 ; -0.310556 
1334 ;0.000000 ; 0.610412 ; -0.319882 
1337 ;0.000000 ; 0.613867 ; -0.315114 
1340 ;0.000000 ; 0.615438 ; -0.320561 
1343 ;0.000000 ; 0.619208 ; -0.320157 
1346 ;0.000000 ; 0.621407 ; -0.324155 
1349 ;0.000000 ; 0.626434 ; -0.317539 
1352 ;0.000000 ; 0.628319 ; -0.328187 
1355 ;0.000000 ; 0.631774 ; -0.322828 
1358 ;0.000000 ; 0.634602 ; -0.327605 
1361 ;0.000000 ; 0.638372 ; -0.328936 
1364 ;0.000000 ; 0.640571 ; -0.332331 
1367 ;0.000000 ; 0.645283 ; -0.322423 
1370 ;0.000000 ; 0.647797 ; -0.330282 
1373 ;0.000000 ; 0.651567 ; -0.327071 
1376 ;0.000000 ; 0.653451 ; -0.333601 
1379 ;0.000000 ; 0.657221 ; -0.333650 
1382 ;0.000000 ; 0.660363 ; -0.328633 
1385 ;0.000000 ; 0.663819 ; -0.337242 
1388 ;0.000000 ; 0.666646 ; -0.333293 
1391 ;0.000000 ; 0.670416 ; -0.338081 
1394 ;0.000000 ; 0.672929 ; -0.338426 
1397 ;0.000000 ; 0.676385 ; -0.341758 
1400 ;0.000000 ; 0.681097 ; -0.334985 
1403 ;0.000000 ; 0.684239 ; -0.345182 
1406 ;0.000000 ; 0.687695 ; -0.338639 
1409 ;0.000000 ; 0.690522 ; -0.344114 
1412 ;0.000000 ; 0.693664 ; -0.343837 
1415 ;0.000000 ; 0.697748 ; -0.347250 
1418 ;0.000000 ; 0.703403 ; -0.341910 
1421 ;0.000000 ; 0.706230 ; -0.349793 
1424 ;0.000000 ; 0.709058 ; -0.345490 
1427 ;0.000000 ; 0.712199 ; -0.349073 
1430 ;0.000000 ; 0.715341 ; -0.349293 
1433 ;0.000000 ; 0.719111 ; -0.346926 
1434 ;0.000000 ; 0.721938 ; -0.345735 
1437 ;0.000000 ; 0.725080 ; -0.350117 
1440 ;0.000000 ; 0.727593 ; -0.349577 
1443 ;0.000000 ; 0.730420 ; -0.352437 
1446 ;0.000000 ; 0.733248 ; -0.353007 
1449 ;0.000000 ; 0.736704 ; -0.348435 
1452 ;0.000000 ; 0.740474 ; -0.355365 
1455 ;0.000000 ; 0.743929 ; -0.352763 
1458 ;0.000000 ; 0.746757 ; -0.357942 
1461 ;0.000000 ; 0.749898 ; -0.358298 
1464 ;0.000000 ; 0.753354 ; -0.359852 
1467 ;0.000000 ; 0.758381 ; -0.354380 
1470 ;0.000000 ; 0.763721 ; -0.361418 
1473 ;0.000000 ; 0.766549 ; -0.358375 
1476 ;0.000000 ; 0.770005 ; -0.362533 
1479 ;0.000000 ; 0.772518 ; -0.362809 
1482 ;0.000000 ; 0.776916 ; -0.358788 
1485 ;0.000000 ; 0.780058 ; -0.364935 
1488 ;0.000000 ; 0.783828 ; -0.361154 
1491 ;0.000000 ; 0.787283 ; -0.366860 
1494 ;0.000000 ; 0.790111 ; -0.365543 
1497 ;0.000000 ; 0.793252 ; -0.366998 
1500 ;0.000000 ; 0.797965 ; -0.361668 
1503 ;0.000000 ; 0.802991 ; -0.368072 
1506 ;0.000000 ; 0.805819 ; -0.365436 
1509 ;0.000000 ; 0.808646 ; -0.368795 
1512 ;0.000000 ; 0.812102 ; -0.368676 
1515 ;0.000000 ; 0.814929 ; -0.368379 
1518 ;0.000000 ; 0.819013 ; -0.366759 
1521 ;0.000000 ; 0.822469 ; -0.368140 
1522 ;0.000000 ; 0.827496 ; -0.363303 
1525 ;0.000000 ; 0.831266 ; -0.365614 
1528 ;0.000000 ; 0.834093 ; -0.365411 
1531 ;0.000000 ; 0.837549 ; -0.364736 
1534 ;0.000000 ; 0.841319 ; -0.365501 
1537 ;0.000000 ; 0.844774 ; -0.364129 
1540 ;0.000000 ; 0.847288 ; -0.364222 
1543 ;0.000000 ; 0.851058 ; -0.362799 
1546 ;0.000000 ; 0.853257 ; -0.362737 
1549 ;0.000000 ; 0.857341 ; -0.362956 
1552 ;0.000000 ; 0.860168 ; -0.363162 
1555 ;0.000000 ; 0.863938 ; -0.362411 
1558 ;0.000000 ; 0.866451 ; -0.360977 
1561 ;0.000000 ; 0.869907 ; -0.359584 
1564 ;0.000000 ; 0.872420 ; -0.358940 
1567 ;0.000000 ; 0.877133 ; -0.358896 
1570 ;0.000000 ; 0.880589 ; -0.357796 
1573 ;0.000000 ; 0.883730 ; -0.356932 
1576 ;0.000000 ; 0.888757 ; -0.360185 
1579 ;0.000000 ; 0.892841 ; -0.357943 
1582 ;0.000000 ; 0.895668 ; -0.361734 
1585 ;0.000000 ; 0.900066 ; -0.359865 
1588 ;0.000000 ; 0.902894 ; -0.359136 
1591 ;0.000000 ; 0.905721 ; -0.360931 
1594 ;0.000000 ; 0.908549 ; -0.358720 
1597 ;0.000000 ; 0.912005 ; -0.361968 
1600 ;0.000000 ; 0.916403 ; -0.358990 
1603 ;0.000000 ; 0.921429 ; -0.362434 
1606 ;0.000000 ; 0.924885 ; -0.358267 
1609 ;0.000000 ; 0.927398 ; -0.361899 
1612 ;0.000000 ; 0.930226 ; -0.362622 
1615 ;0.000000 ; 0.933367 ; -0.364799 
1618 ;0.000000 ; 0.937766 ; -0.362603 
1621 ;0.000000 ; 0.941221 ; -0.365190 
1624 ;0.000000 ; 0.945305 ; -0.361677 
1627 ;0.000000 ; 0.947819 ; -0.364510 
1630 ;0.000000 ; 0.951274 ; -0.364977 
1633 ;0.000000 ; 0.953788 ; -0.362256 
1634 ;0.000000 ; 0.958186 ; -0.363813 
1637 ;0.000000 ; 0.961642 ; -0.364574 
1640 ;0.000000 ; 0.965097 ; -0.365804 
1643 ;0.000000 ; 0.967611 ; -0.361448 
1646 ;0.000000 ; 0.971381 ; -0.363791 
1649 ;0.000000 ; 0.975151 ; -0.364676 
1652 ;0.000000 ; 0.977664 ; -0.365589 
1655 ;0.000000 ; 0.980805 ; -0.366132 
1658 ;0.000000 ; 0.983633 ; -0.361537 
1661 ;0.000000 ; 0.987089 ; -0.363395 
1664 ;0.000000 ; 0.990230 ; -0.363924 
1667 ;0.000000 ; 0.994314 ; -0.364409 
1670 ;0.000000 ; 0.997142 ; -0.364558 
1673 ;0.000000 ; 1.000283 ; -0.364761 
1676 ;0.000000 ; 1.003111 ; -0.364807 
1679 ;0.000000 ; 1.005938 ; -0.364808 
1682 ;0.000000 ; 1.009080 ; -0.364705 
1685 ;0.000000 ; 1.013164 ; -0.364529 
1688 ;0.000000 ; 1.015991 ; -0.364261 
1691 ;0.000000 ; 1.019133 ; -0.363912 
1694 ;0.000000 ; 1.021960 ; -0.363475 
1697 ;0.000000 ; 1.025102 ; -0.362952 
1700 ;0.000000 ; 1.029814 ; -0.362343 
1703 ;0.000000 ; 1.034212 ; -0.361647 
1706 ;0.000000 ; 1.037668 ; -0.360863 
1709 ;0.000000 ; 1.040496 ; -0.359992 
1712 ;0.000000 ; 1.043951 ; -0.359033 
1715 ;0.000000 ; 1.046151 ; -0.357985 
1718 ;0.000000 ; 1.050549 ; -0.356848 
1721 ;0.000000 ; 1.053376 ; -0.355622 
1724 ;0.000000 ; 1.056204 ; -0.354307 
1725 ;0.000000 ; 1.059031 ; -0.354590 
1728 ;0.000000 ; 1.061544 ; -0.352749 
1731 ;0.000000 ; 1.065000 ; -0.351488 
1734 ;0.000000 ; 1.068770 ; -0.349776 
1737 ;0.000000 ; 1.071597 ; -0.348167 
1740 ;0.000000 ; 1.074739 ; -0.346363 
1743 ;0.000000 ; 1.077567 ; -0.344523 
1746 ;0.000000 ; 1.080394 ; -0.342561 
1749 ;0.000000 ; 1.084164 ; -0.340524 
1752 ;0.000000 ; 1.087305 ; -0.338385 
1755 ;0.000000 ; 1.090447 ; -0.336159 
1758 ;0.000000 ; 1.092960 ; -0.341660 
1761 ;0.000000 ; 1.096416 ; -0.341483 
1764 ;0.000000 ; 1.098929 ; -0.338072 
1767 ;0.000000 ; 1.103013 ; -0.336593 
1770 ;0.000000 ; 1.106155 ; -0.333528 
1773 ;0.000000 ; 1.108982 ; -0.337891 
1776 ;0.000000 ; 1.112124 ; -0.338243 
1779 ;0.000000 ; 1.115266 ; -0.334927 
1782 ;0.000000 ; 1.117779 ; -0.332038 
1785 ;0.000000 ; 1.121863 ; -0.328774 
1788 ;0.000000 ; 1.124690 ; -0.334256 
1791 ;0.000000 ; 1.127832 ; -0.334614 
1794 ;0.000000 ; 1.130345 ; -0.329931 
1797 ;0.000000 ; 1.133487 ; -0.326814 
1800 ;0.000000 ; 1.137571 ; -0.332500 
1803 ;0.000000 ; 1.140712 ; -0.328920 
1806 ;0.000000 ; 1.143226 ; -0.325704 
1809 ;0.000000 ; 1.146367 ; -0.330134 
1812 ;0.000000 ; 1.148566 ; -0.329160 
1815 ;0.000000 ; 1.152336 ; -0.324800 
1818 ;0.000000 ; 1.155792 ; -0.320713 
1821 ;0.000000 ; 1.158620 ; -0.325025 
1824 ;0.000000 ; 1.160190 ; -0.322657 
1827 ;0.000000 ; 1.161761 ; -0.323667 
1828 ;0.000000 ; 1.164274 ; -0.317679 
1831 ;0.000000 ; 1.166159 ; -0.321698 
1834 ;0.000000 ; 1.170243 ; -0.317942 
1837 ;0.000000 ; 1.172128 ; -0.322270 
1840 ;0.000000 ; 1.174642 ; -0.321764 
1843 ;0.000000 ; 1.177155 ; -0.315421 
1846 ;0.000000 ; 1.179668 ; -0.320400 
1849 ;0.000000 ; 1.182810 ; -0.315858 
1852 ;0.000000 ; 1.186266 ; -0.311182 
1855 ;0.000000 ; 1.188151 ; -0.312447 
1858 ;0.000000 ; 1.190350 ; -0.319190 
1861 ;0.000000 ; 1.192235 ; -0.316014 
1864 ;0.000000 ; 1.196005 ; -0.310482 
1867 ;0.000000 ; 1.199146 ; -0.304669 
1870 ;0.000000 ; 1.201031 ; -0.310161 
1873 ;0.000000 ; 1.202916 ; -0.302028 
1876 ;0.000000 ; 1.204801 ; -0.307841 
1879 ;0.000000 ; 1.208257 ; -0.301618 
1882 ;0.000000 ; 1.210456 ; -0.305943 
1885 ;0.000000 ; 1.214540 ; -0.299998 
1888 ;0.000000 ; 1.215482 ; -0.302148 
1891 ;0.000000 ; 1.218310 ; -0.298355 
1894 ;0.000000 ; 1.220509 ; -0.300394 
1897 ;0.000000 ; 1.222394 ; -0.296610 
1900 ;0.000000 ; 1.224907 ; -0.300965 
1903 ;0.000000 ; 1.228991 ; -0.292872 
1906 ;0.000000 ; 1.230876 ; -0.293114 
1909 ;0.000000 ; 1.233075 ; -0.298587 
1912 ;0.000000 ; 1.234332 ; -0.294749 
1915 ;0.000000 ; 1.235903 ; -0.286494 
1918 ;0.000000 ; 1.240615 ; -0.291644 
1921 ;0.000000 ; 1.241872 ; -0.280776 
1924 ;0.000000 ; 1.244385 ; -0.289028 
1927 ;0.000000 ; 1.246898 ; -0.281025 
1928 ;0.000000 ; 1.248155 ; -0.292719 
1931 ;0.000000 ; 1.250040 ; -0.284665 
1934 ;0.000000 ; 1.251611 ; -0.277617 
1937 ;0.000000 ; 1.253496 ; -0.279553 
1940 ;0.000000 ; 1.254438 ; -0.279555 
1943 ;0.000000 ; 1.256951 ; -0.284809 
1946 ;0.000000 ; 1.258836 ; -0.276972 
1949 ;0.000000 ; 1.260721 ; -0.269536 
1952 ;0.000000 ; 1.263863 ; -0.274722 
1955 ;0.000000 ; 1.264805 ; -0.262815 
1958 ;0.000000 ; 1.266376 ; -0.270144 
1961 ;0.000000 ; 1.268889 ; -0.263776 
1964 ;0.000000 ; 1.272031 ; -0.264522 
1967 ;0.000000 ; 1.273288 ; -0.267859 
1970 ;0.000000 ; 1.276429 ; -0.260013 
1973 ;0.000000 ; 1.277058 ; -0.261106 
1976 ;0.000000 ; 1.278943 ; -0.260637 
1979 ;0.000000 ; 1.281142 ; -0.256137 
1982 ;0.000000 ; 1.283341 ; -0.255756 
1985 ;0.000000 ; 1.284912 ; -0.255711 
1988 ;0.000000 ; 1.286482 ; -0.255830 
1991 ;0.000000 ; 1.288682 ; -0.250526 
1994 ;0.000000 ; 1.289938 ; -0.248359 
1997 ;0.000000 ; 1.291195 ; -0.252673 
2000 ;0.000000 ; 1.292451 ; -0.243319 
2003 ;0.000000 ; 1.296850 ; -0.246627 
2006 ;0.000000 ; 1.298420 ; -0.234039 
2009 ;0.000000 ; 1.299991 ; -0.239897 
2012 ;0.000000 ; 1.302819 ; -0.232263 
2015 ;0.000000 ; 1.303447 ; -0.238605 
2018 ;0.000000 ; 1.305018 ; -0.233566 
2021 ;0.000000 ; 1.306903 ; -0.236385 
2022 ;0.000000 ; 1.308473 ; -0.236821 
2025 ;0.000000 ; 1.309416 ; -0.225603 
2028 ;0.000000 ; 1.309416 ; -0.226591 
2031 ;0.000000 ; 1.310987 ; -0.223474 
2034 ;0.000000 ; 1.313500 ; -0.231156 
2037 ;0.000000 ; 1.315071 ; -0.215267 
2040 ;0.000000 ; 1.316327 ; -0.221369 
2043 ;0.000000 ; 1.317270 ; -0.212549 
2046 ;0.000000 ; 1.319155 ; -0.219357 
2049 ;0.000000 ; 1.321354 ; -0.215013 
2052 ;0.000000 ; 1.322611 ; -0.213434 
2055 ;0.000000 ; 1.323553 ; -0.211546 
2058 ;0.000000 ; 1.325438 ; -0.211068 
2061 ;0.000000 ; 1.327637 ; -0.212580 
2064 ;0.000000 ; 1.327637 ; -0.203203 
2067 ;0.000000 ; 1.328894 ; -0.205486 
2070 ;0.000000 ; 1.330150 ; -0.196790 
2073 ;0.000000 ; 1.332035 ; -0.205087 
2076 ;0.000000 ; 1.333606 ; -0.193753 
2079 ;0.000000 ; 1.334549 ; -0.193511 
2082 ;0.000000 ; 1.336120 ; -0.191863 
2085 ;0.000000 ; 1.338319 ; -0.194434 
2088 ;0.000000 ; 1.338319 ; -0.187536 
2091 ;0.000000 ; 1.339889 ; -0.187903 
2094 ;0.000000 ; 1.341460 ; -0.184582 
2095 ;0.000000 ; 1.341146 ; -0.198694 
2098 ;0.000000 ; 1.341460 ; -0.184065 
2101 ;0.000000 ; 1.342403 ; -0.184602 
2104 ;0.000000 ; 1.344602 ; -0.180276 
2107 ;0.000000 ; 1.346487 ; -0.176364 
2110 ;0.000000 ; 1.346173 ; -0.178412 
2113 ;0.000000 ; 1.347429 ; -0.166020 
2116 ;0.000000 ; 1.349000 ; -0.169134 
2119 ;0.000000 ; 1.349000 ; -0.164270 
2122 ;0.000000 ; 1.350571 ; -0.166417 
2125 ;0.000000 ; 1.353084 ; -0.157843 
2128 ;0.000000 ; 1.352770 ; -0.163313 
2131 ;0.000000 ; 1.353712 ; -0.158754 
2134 ;0.000000 ; 1.354969 ; -0.159013 
2137 ;0.000000 ; 1.354969 ; -0.153382 
2140 ;0.000000 ; 1.356540 ; -0.155153 
2143 ;0.000000 ; 1.358739 ; -0.151686 
2146 ;0.000000 ; 1.358425 ; -0.152900 
2149 ;0.000000 ; 1.358425 ; -0.140086 
2152 ;0.000000 ; 1.359996 ; -0.142806 
2153 ;0.000000 ; 1.361252 ; -0.151529 
2156 ;0.000000 ; 1.361252 ; -0.136531 
2159 ;0.000000 ; 1.361252 ; -0.139247 
2162 ;0.000000 ; 1.362823 ; -0.131080 
2165 ;0.000000 ; 1.365336 ; -0.137130 
2168 ;0.000000 ; 1.365022 ; -0.126762 
2171 ;0.000000 ; 1.365022 ; -0.133463 
2174 ;0.000000 ; 1.365022 ; -0.123554 
2177 ;0.000000 ; 1.365965 ; -0.127575 
2180 ;0.000000 ; 1.367535 ; -0.123565 
2183 ;0.000000 ; 1.367535 ; -0.124024 
2186 ;0.000000 ; 1.367535 ; -0.117072 
2189 ;0.000000 ; 1.369106 ; -0.120509 
2192 ;0.000000 ; 1.371305 ; -0.115223 
2195 ;0.000000 ; 1.371305 ; -0.109737 
2198 ;0.000000 ; 1.371305 ; -0.112097 
2201 ;0.000000 ; 1.371305 ; -0.105601 
2204 ;0.000000 ; 1.371305 ; -0.109816 
2207 ;0.000000 ; 1.372562 ; -0.103403 
2210 ;0.000000 ; 1.373819 ; -0.096487 
2213 ;0.000000 ; 1.373819 ; -0.098224 
2216 ;0.000000 ; 1.373819 ; -0.096132 
2219 ;0.000000 ; 1.373819 ; -0.094760 
2222 ;0.000000 ; 1.375704 ; -0.091027 
2225 ;0.000000 ; 1.377589 ; -0.089834 
2228 ;0.000000 ; 1.377589 ; -0.086002 
2231 ;0.000000 ; 1.377589 ; -0.087474 
2234 ;0.000000 ; 1.377589 ; -0.082049 
2237 ;0.000000 ; 1.377589 ; -0.084157 
2240 ;0.000000 ; 1.377589 ; -0.078403 
2243 ;0.000000 ; 1.377589 ; -0.072011 
2246 ;0.000000 ; 1.377589 ; -0.074600 
2249 ;0.000000 ; 1.378531 ; -0.072331 
2252 ;0.000000 ; 1.380102 ; -0.070249 
2253 ;0.000000 ; 1.380102 ; -0.082739 
2256 ;0.000000 ; 1.380102 ; -0.066774 
2259 ;0.000000 ; 1.380102 ; -0.067326 
2262 ;0.000000 ; 1.380102 ; -0.064582 
2265 ;0.000000 ; 1.380102 ; -0.067177 
2268 ;0.000000 ; 1.380102 ; -0.049373 
2271 ;0.000000 ; 1.380102 ; -0.053308 
2274 ;0.000000 ; 1.381359 ; -0.053249 
2277 ;0.000000 ; 1.383243 ; -0.048479 
2280 ;0.000000 ; 1.383558 ; -0.045911 
2283 ;0.000000 ; 1.383558 ; -0.051343 
2286 ;0.000000 ; 1.383558 ; -0.040065 
2289 ;0.000000 ; 1.383558 ; -0.041664 
2292 ;0.000000 ; 1.383558 ; -0.036731 
2295 ;0.000000 ; 1.383558 ; -0.037490 
2298 ;0.000000 ; 1.383558 ; -0.035056 
2301 ;0.000000 ; 1.383558 ; -0.036751 
2304 ;0.000000 ; 1.383558 ; -0.028277 
2307 ;0.000000 ; 1.383558 ; -0.034278 
2310 ;0.000000 ; 1.383558 ; -0.028617 
2313 ;0.000000 ; 1.383558 ; -0.023063 
2316 ;0.000000 ; 1.383558 ; -0.024151 
2319 ;0.000000 ; 1.383558 ; -0.021208 
2322 ;0.000000 ; 1.383558 ; -0.019783 
2325 ;0.000000 ; 1.383558 ; -0.017592 
2328 ;0.000000 ; 1.383558 ; -0.015865 
2331 ;0.000000 ; 1.383558 ; -0.016547 
2332 ;0.000000 ; 1.383558 ; -0.026708 
2335 ;0.000000 ; 1.383558 ; -0.014893 
2340 ;0.000000 ; 1.383558 ; 0.008066 
2343 ;0.000000 ; 1.383558 ; 0.002380 
2344 ;0.000000 ; 1.383558 ; -0.010348 
2347 ;0.000000 ; 1.383558 ; 0.003003 
2350 ;0.000000 ; 1.383558 ; -0.001077 
2353 ;0.000000 ; 1.383558 ; 0.007444 
2356 ;0.000000 ; 1.383558 ; 0.002061 
2359 ;0.000000 ; 1.383558 ; 0.011322 
2362 ;0.000000 ; 1.383558 ; 0.005644 
2365 ;0.000000 ; 1.383558 ; 0.007982 
2368 ;0.000000 ; 1.383558 ; 0.015325 
2371 ;0.000000 ; 1.383558 ; 0.010076 
2374 ;0.000000 ; 1.383558 ; 0.016085 
2377 ;0.000000 ; 1.383558 ; 0.020672 
2380 ;0.000000 ; 1.383558 ; 0.017962 
2383 ;0.000000 ; 1.383558 ; 0.021116 
2386 ;0.000000 ; 1.383558 ; 0.026552 
2389 ;0.000000 ; 1.383558 ; 0.021424 
2392 ;0.000000 ; 1.383558 ; 0.033877 
2395 ;0.000000 ; 1.383558 ; 0.030329 
2398 ;0.000000 ; 1.383558 ; 0.034252 
2401 ;0.000000 ; 1.383558 ; 0.029326 
2404 ;0.000000 ; 1.383558 ; 0.043325 
2407 ;0.000000 ; 1.383558 ; 0.039961 
2410 ;0.000000 ; 1.383558 ; 0.047171 
2413 ;0.000000 ; 1.383558 ; 0.041081 
2416 ;0.000000 ; 1.383558 ; 0.045815 
2419 ;0.000000 ; 1.383558 ; 0.039319 
2422 ;0.000000 ; 1.383558 ; 0.053426 
2425 ;0.000000 ; 1.383558 ; 0.048627 
2428 ;0.000000 ; 1.383558 ; 0.055862 
2431 ;0.000000 ; 1.383558 ; 0.050978 
2434 ;0.000000 ; 1.383558 ; 0.055006 
2437 ;0.000000 ; 1.383558 ; 0.051837 
2438 ;0.000000 ; 1.383558 ; 0.049653 
2441 ;0.000000 ; 1.383558 ; 0.060450 
2444 ;0.000000 ; 1.383558 ; 0.060137 
2447 ;0.000000 ; 1.383558 ; 0.060134 
2450 ;0.000000 ; 1.383558 ; 0.062412 
2453 ;0.000000 ; 1.383558 ; 0.059958 
2456 ;0.000000 ; 1.383558 ; 0.067479 
2459 ;0.000000 ; 1.383558 ; 0.067526 
2462 ;0.000000 ; 1.383558 ; 0.067726 
2465 ;0.000000 ; 1.383558 ; 0.065307 
2468 ;0.000000 ; 1.383558 ; 0.076771 
2471 ;0.000000 ; 1.383558 ; 0.071131 
2474 ;0.000000 ; 1.383558 ; 0.082395 
2477 ;0.000000 ; 1.383558 ; 0.078805 
2480 ;0.000000 ; 1.383558 ; 0.081646 
2483 ;0.000000 ; 1.383558 ; 0.077682 
2486 ;0.000000 ; 1.383558 ; 0.086776 
2487 ;0.000000 ; 1.383558 ; 0.073515 
2490 ;0.000000 ; 1.383558 ; 0.087187 
2493 ;0.000000 ; 1.383558 ; 0.083771 
2496 ;0.000000 ; 1.383558 ; 0.094303 
2499 ;0.000000 ; 1.383558 ; 0.086925 
2502 ;0.000000 ; 1.383558 ; 0.095375 
2505 ;0.000000 ; 1.383558 ; 0.090818 
2508 ;0.000000 ; 1.383558 ; 0.090422 
2511 ;0.000000 ; 1.383558 ; 0.097877 
2514 ;0.000000 ; 1.383558 ; 0.095983 
2517 ;0.000000 ; 1.383558 ; 0.096915 
2520 ;0.000000 ; 1.383558 ; 0.098827 
2523 ;0.000000 ; 1.383558 ; 0.100807 
2526 ;0.000000 ; 1.383558 ; 0.100037 
2529 ;0.000000 ; 1.383558 ; 0.105156 
2532 ;0.000000 ; 1.383558 ; 0.099709 
2535 ;0.000000 ; 1.383558 ; 0.111412 
2538 ;0.000000 ; 1.383558 ; 0.106216 
2541 ;0.000000 ; 1.383558 ; 0.116533 
2544 ;0.000000 ; 1.383558 ; 0.109663 
2547 ;0.000000 ; 1.383558 ; 0.110639 
2550 ;0.000000 ; 1.383243 ; 0.115572 
2553 ;0.000000 ; 1.383558 ; 0.116894 
2554 ;0.000000 ; 1.383558 ; 0.104654 
2559 ;0.000000 ; 1.383558 ; 0.121167 
2562 ;0.000000 ; 1.383558 ; 0.113603 
2565 ;0.000000 ; 1.383558 ; 0.124331 
2566 ;0.000000 ; 1.383558 ; 0.108338 
2569 ;0.000000 ; 1.383558 ; 0.120844 
2572 ;0.000000 ; 1.383558 ; 0.124857 
2575 ;0.000000 ; 1.383558 ; 0.122504 
2578 ;0.000000 ; 1.383558 ; 0.130860 
2581 ;0.000000 ; 1.383558 ; 0.126586 
2584 ;0.000000 ; 1.383558 ; 0.125563 
2587 ;0.000000 ; 1.383558 ; 0.130269 
2590 ;0.000000 ; 1.383558 ; 0.128670 
2593 ;0.000000 ; 1.383243 ; 0.131562 
2596 ;0.000000 ; 1.383558 ; 0.128282 
2599 ;0.000000 ; 1.383558 ; 0.135739 
2602 ;0.000000 ; 1.383558 ; 0.132690 
2605 ;0.000000 ; 1.383558 ; 0.137664 
2608 ;0.000000 ; 1.383558 ; 0.133295 
2611 ;0.000000 ; 1.383558 ; 0.140903 
2614 ;0.000000 ; 1.383558 ; 0.133861 
2617 ;0.000000 ; 1.383558 ; 0.142223 
2620 ;0.000000 ; 1.383558 ; 0.138904 
2621 ;0.000000 ; 1.383558 ; 0.135375 
2624 ;0.000000 ; 1.383558 ; 0.141496 
2627 ;0.000000 ; 1.383558 ; 0.147858 
2630 ;0.000000 ; 1.383558 ; 0.144254 
2633 ;0.000000 ; 1.383558 ; 0.149187 
2636 ;0.000000 ; 1.383558 ; 0.146706 
2639 ;0.000000 ; 1.383243 ; 0.142596 
2642 ;0.000000 ; 1.383558 ; 0.145909 
2645 ;0.000000 ; 1.383558 ; 0.149829 
2648 ;0.000000 ; 1.383558 ; 0.150540 
2651 ;0.000000 ; 1.383558 ; 0.149330 
2654 ;0.000000 ; 1.383558 ; 0.150085 
2657 ;0.000000 ; 1.383558 ; 0.155358 
2660 ;0.000000 ; 1.383558 ; 0.148197 
2663 ;0.000000 ; 1.383558 ; 0.155016 
2666 ;0.000000 ; 1.383558 ; 0.157876 
2669 ;0.000000 ; 1.383558 ; 0.157783 
2672 ;0.000000 ; 1.383558 ; 0.151689 
2675 ;0.000000 ; 1.383558 ; 0.154038 
2678 ;0.000000 ; 1.383558 ; 0.157083 
2681 ;0.000000 ; 1.383558 ; 0.161455 
2684 ;0.000000 ; 1.383558 ; 0.160897 
2687 ;0.000000 ; 1.383243 ; 0.159984 
2690 ;0.000000 ; 1.383558 ; 0.164776 
2693 ;0.000000 ; 1.383558 ; 0.161077 
2696 ;0.000000 ; 1.383558 ; 0.165194 
2699 ;0.000000 ; 1.383558 ; 0.167273 
2702 ;0.000000 ; 1.383558 ; 0.165367 
2705 ;0.000000 ; 1.383558 ; 0.165843 
2708 ;0.000000 ; 1.383558 ; 0.168880 
2711 ;0.000000 ; 1.383558 ; 0.164421 
2714 ;0.000000 ; 1.383558 ; 0.169852 
2717 ;0.000000 ; 1.383558 ; 0.165010 
2720 ;0.000000 ; 1.383558 ; 0.164600 
2723 ;0.000000 ; 1.383558 ; 0.168024 
2726 ;0.000000 ; 1.383558 ; 0.171792 
2729 ;0.000000 ; 1.383558 ; 0.175513 
2732 ;0.000000 ; 1.383558 ; 0.166996 
2733 ;0.000000 ; 1.383558 ; 0.167765 
2736 ;0.000000 ; 1.383558 ; 0.171248 
2739 ;0.000000 ; 1.383558 ; 0.175705 
2742 ;0.000000 ; 1.383558 ; 0.171956 
2745 ;0.000000 ; 1.383558 ; 0.173905 
2748 ;0.000000 ; 1.383558 ; 0.175365 
2751 ;0.000000 ; 1.383558 ; 0.179202 
2754 ;0.000000 ; 1.383558 ; 0.175183 
2757 ;0.000000 ; 1.383558 ; 0.173432 
2760 ;0.000000 ; 1.383558 ; 0.176453 
2763 ;0.000000 ; 1.383558 ; 0.180189 
2766 ;0.000000 ; 1.383558 ; 0.176097 
2769 ;0.000000 ; 1.383558 ; 0.175766 
2772 ;0.000000 ; 1.383558 ; 0.178134 
2775 ;0.000000 ; 1.383558 ; 0.180999 
2778 ;0.000000 ; 1.383558 ; 0.183744 
2781 ;0.000000 ; 1.383558 ; 0.176908 
2784 ;0.000000 ; 1.383558 ; 0.178658 
2787 ;0.000000 ; 1.383558 ; 0.180813 
2790 ;0.000000 ; 1.383558 ; 0.184470 
2793 ;0.000000 ; 1.383558 ; 0.177908 
2796 ;0.000000 ; 1.383558 ; 0.179410 
2799 ;0.000000 ; 1.383558 ; 0.178760 
2802 ;0.000000 ; 1.383558 ; 0.182898 
2805 ;0.000000 ; 1.383558 ; 0.184443 
2808 ;0.000000 ; 1.383558 ; 0.187071 
2811 ;0.000000 ; 1.383558 ; 0.178608 
2814 ;0.000000 ; 1.383558 ; 0.181925 
2817 ;0.000000 ; 1.383558 ; 0.182028 
2820 ;0.000000 ; 1.383558 ; 0.185758 
2821 ;0.000000 ; 1.383558 ; 0.184647 
2824 ;0.000000 ; 1.383558 ; 0.187655 
2827 ;0.000000 ; 1.383558 ; 0.189035 
2830 ;0.000000 ; 1.383558 ; 0.179918 
2833 ;0.000000 ; 1.383243 ; 0.182033 
2836 ;0.000000 ; 1.383558 ; 0.182972 
2839 ;0.000000 ; 1.383558 ; 0.185174 
2842 ;0.000000 ; 1.383558 ; 0.186625 
2845 ;0.000000 ; 1.383558 ; 0.188411 
2848 ;0.000000 ; 1.383558 ; 0.189947 
2851 ;0.000000 ; 1.383558 ; 0.191549 
2854 ;0.000000 ; 1.383558 ; 0.186964 
2857 ;0.000000 ; 1.383558 ; 0.184877 
2860 ;0.000000 ; 1.383558 ; 0.185090 
2863 ;0.000000 ; 1.383558 ; 0.186673 
2866 ;0.000000 ; 1.383558 ; 0.187921 
2869 ;0.000000 ; 1.383558 ; 0.189286 
2872 ;0.000000 ; 1.383558 ; 0.190526 
2875 ;0.000000 ; 1.383558 ; 0.191772 
2878 ;0.000000 ; 1.383558 ; 0.192954 
2881 ;0.000000 ; 1.383558 ; 0.194111 
2884 ;0.000000 ; 1.383558 ; 0.190008 
2887 ;0.000000 ; 1.383558 ; 0.186408 
2890 ;0.000000 ; 1.383558 ; 0.187462 
2893 ;0.000000 ; 1.383558 ; 0.188225 
2896 ;0.000000 ; 1.383558 ; 0.189323 
2899 ;0.000000 ; 1.383558 ; 0.190187 
2902 ;0.000000 ; 1.383558 ; 0.191124 
2905 ;0.000000 ; 1.383558 ; 0.191969 
2908 ;0.000000 ; 1.383558 ; 0.192812 
2911 ;0.000000 ; 1.383558 ; 0.193606 
2914 ;0.000000 ; 1.383558 ; 0.194377 
2917 ;0.000000 ; 1.383558 ; 0.195112 
2920 ;0.000000 ; 1.383558 ; 0.195819 
2921 ;0.000000 ; 1.383558 ; 0.188717 
2924 ;0.000000 ; 1.383243 ; 0.187150 
2927 ;0.000000 ; 1.383558 ; 0.185228 
2930 ;0.000000 ; 1.383558 ; 0.186527 
2933 ;0.000000 ; 1.383558 ; 0.186750 
2936 ;0.000000 ; 1.383558 ; 0.187509 
2939 ;0.000000 ; 1.383558 ; 0.187938 
2942 ;0.000000 ; 1.383558 ; 0.188504 
2945 ;0.000000 ; 1.383558 ; 0.188957 
2948 ;0.000000 ; 1.383558 ; 0.189431 
2951 ;0.000000 ; 1.383558 ; 0.189856 
2954 ;0.000000 ; 1.383558 ; 0.190272 
2957 ;0.000000 ; 1.383558 ; 0.190656 
2960 ;0.000000 ; 1.383558 ; 0.191023 
2963 ;0.000000 ; 1.383558 ; 0.191365 
2966 ;0.000000 ; 1.383243 ; 0.191687 
2969 ;0.000000 ; 1.383558 ; 0.191989 
2972 ;0.000000 ; 1.383558 ; 0.192271 
2975 ;0.000000 ; 1.383558 ; 0.192534 
2978 ;0.000000 ; 1.383558 ; 0.192778 
2981 ;0.000000 ; 1.383558 ; 0.193005 
2984 ;0.000000 ; 1.383558 ; 0.193214 
2987 ;0.000000 ; 1.383558 ; 0.193407 
2990 ;0.000000 ; 1.383558 ; 0.193585 
2993 ;0.000000 ; 1.383558 ; 0.193747 
2996 ;0.000000 ; 1.383558 ; 0.193894 
2999 ;0.000000 ; 1.383558 ; 0.194028 
3002 ;0.000000 ; 1.383558 ; 0.194149 
3003 ;0.000000 ; 1.383558 ; 0.194124 
3006 ;0.000000 ; 1.383558 ; 0.194271 
3009 ;0.000000 ; 1.383558 ; 0.194347 
3012 ;0.000000 ; 1.383558 ; 0.194443 
3015 ;0.000000 ; 1.383558 ; 0.194513 
3018 ;0.000000 ; 1.383558 ; 0.194581 
3021 ;0.000000 ; 1.383558 ; 0.194636 
3024 ;0.000000 ; 1.383558 ; 0.194684 
3027 ;0.000000 ; 1.383558 ; 0.194724 
3030 ;0.000000 ; 1.383558 ; 0.194758 
3031 ;0.000000 ; 1.383558 ; 0.194751 
3032 ;0.000000 ; 1.383558 ; 0.194754 
3033 ;0.000000 ; 1.383558 ; 0.194752 
3034 ;0.000000 ; 1.383558 ; 0.194753 
3035 ;0.000000 ; 1.383558 ; 0.194753 
3036 ;0.000000 ; 1.383558 ; 0.194753 
3037 ;0.000000 ; 1.383558 ; 0.194753 
3038 ;0.000000 ; 1.383558 ; 0.194753 
3039 ;0.000000 ; 1.383558 ; 0.194753 
3040 ;0.000000 ; 1.383558 ; 0.194753 
3041 ;0.000000 ; 1.383558 ; 0.194753 
3042 ;0.000000 ; 1.383558 ; 0.194753 
3043 ;0.000000 ; 1.383558 ; 0.194753 
3044 ;0.000000 ; 1.383558 ; 0.194753 
3045 ;0.000000 ; 1.383558 ; 0.194753 
3046 ;0.000000 ; 1.383558 ; 0.194753 
3047 ;0.000000 ; 1.383558 ; 0.194753 
3048 ;0.000000 ; 1.383558 ; 0.194753 
3049 ;0.000000 ; 1.383558 ; 0.194753 
3050 ;0.000000 ; 1.383558 ; 0.194753 
3051 ;0.000000 ; 1.383558 ; 0.194753 
3052 ;0.000000 ; 1.383558 ; 0.194753 
3053 ;0.000000 ; 1.383558 ; 0.194753 
3054 ;0.000000 ; 1.383558 ; 0.194753 
3055 ;0.000000 ; 1.383558 ; 0.194753 
3056 ;0.000000 ; 1.383558 ; 0.194753 
3057 ;0.000000 ; 1.383558 ; 0.194753 
3058 ;0.000000 ; 1.383558 ; 0.194753 
3059 ;0.000000 ; 1.383558 ; 0.194753 
3060 ;0.000000 ; 1.383558 ; 0.194753 
3061 ;0.000000 ; 1.383558 ; 0.194753 
3062 ;0.000000 ; 1.383558 ; 0.194753 
3063 ;0.000000 ; 1.383558 ; 0.194753 
3064 ;0.000000 ; 1.383558 ; 0.194753 
3065 ;0.000000 ; 1.383558 ; 0.194753 
3066 ;0.000000 ; 1.383558 ; 0.194753 
3067 ;0.000000 ; 1.383558 ; 0.194753 
3068 ;0.000000 ; 1.383558 ; 0.194753 
3069 ;0.000000 ; 1.383558 ; 0.194753 
3070 ;0.000000 ; 1.383558 ; 0.194753 
3071 ;0.000000 ; 1.383558 ; 0.194753 
3072 ;0.000000 ; 1.383558 ; 0.194753 
3073 ;0.000000 ; 1.383558 ; 0.194753 
3074 ;0.000000 ; 1.383558 ; 0.194753 
3075 ;0.000000 ; 1.383558 ; 0.194753 
3076 ;0.000000 ; 1.383558 ; 0.194753 
3077 ;0.000000 ; 1.383558 ; 0.194753 
3078 ;0.000000 ; 1.383558 ; 0.194753 
3079 ;0.000000 ; 1.383558 ; 0.194753 
3080 ;0.000000 ; 1.383558 ; 0.194753 
3081 ;0.000000 ; 1.383558 ; 0.194753 
3082 ;0.000000 ; 1.383558 ; 0.194753 
3083 ;0.000000 ; 1.383558 ; 0.194753 
3084 ;0.000000 ; 1.383558 ; 0.194753 
3085 ;0.000000 ; 1.383558 ; 0.194753 
3086 ;0.000000 ; 1.383558 ; 0.194753 
3087 ;0.000000 ; 1.383558 ; 0.194753 
3088 ;0.000000 ; 1.383558 ; 0.194753 
3089 ;0.000000 ; 1.383558 ; 0.194753 
3090 ;0.000000 ; 1.383558 ; 0.194753 
3091 ;0.000000 ; 1.383558 ; 0.194753 
3092 ;0.000000 ; 1.383558 ; 0.194753 
3093 ;0.000000 ; 1.383558 ; 0.194753 
3094 ;0.000000 ; 1.383558 ; 0.194753 
3095 ;0.000000 ; 1.383558 ; 0.194753 
3096 ;0.000000 ; 1.383558 ; 0.194753 
3097 ;0.000000 ; 1.383558 ; 0.194753 
3098 ;0.000000 ; 1.383558 ; 0.194753 
3099 ;0.000000 ; 1.383558 ; 0.194753 
3100 ;0.000000 ; 1.383558 ; 0.194753 
3101 ;0.000000 ; 1.383558 ; 0.194753 
3102 ;0.000000 ; 1.383558 ; 0.194753 
3103 ;0.000000 ; 1.383558 ; 0.194753 
3104 ;0.000000 ; 1.383558 ; 0.194753 
3105 ;0.000000 ; 1.383558 ; 0.194753 
3106 ;0.000000 ; 1.383558 ; 0.194753 
3107 ;0.000000 ; 1.383558 ; 0.194753 
3108 ;0.000000 ; 1.383558 ; 0.194753 
3109 ;0.000000 ; 1.383558 ; 0.194753 
3110 ;0.000000 ; 1.383558 ; 0.194753 
3111 ;0.000000 ; 1.383558 ; 0.194753 
3112 ;0.000000 ; 1.383558 ; 0.194753 
3113 ;0.000000 ; 1.383558 ; 0.194753 
3114 ;0.000000 ; 1.383558 ; 0.194753 
3115 ;0.000000 ; 1.383558 ; 0.194753 
3116 ;0.000000 ; 1.383558 ; 0.194753 
3117 ;0.000000 ; 1.383558 ; 0.194753 
3118 ;0.000000 ; 1.383558 ; 0.194753 
3119 ;0.000000 ; 1.383558 ; 0.194753 
3120 ;0.000000 ; 1.383558 ; 0.194753 
3121 ;0.000000 ; 1.383558 ; 0.194753 
3122 ;0.000000 ; 1.383558 ; 0.194753 
3123 ;0.000000 ; 1.383558 ; 0.194753 
3124 ;0.000000 ; 1.383558 ; 0.194753 
3125 ;0.000000 ; 1.383558 ; 0.194753 
3126 ;0.000000 ; 1.383558 ; 0.194753 
3127 ;0.000000 ; 1.383558 ; 0.194753 
3128 ;0.000000 ; 1.383558 ; 0.194753 
3129 ;0.000000 ; 1.383558 ; 0.194753 
3130 ;0.000000 ; 1.383558 ; 0.194753 
3131 ;0.000000 ; 1.383558 ; 0.194753 
3132 ;0.000000 ; 1.383558 ; 0.194753 
3133 ;0.000000 ; 1.383558 ; 0.194753 
3134 ;0.000000 ; 1.383558 ; 0.194753 
3135 ;0.000000 ; 1.383558 ; 0.194753 
3136 ;0.000000 ; 1.383558 ; 0.194753 
3137 ;0.000000 ; 1.383558 ; 0.194753 
3138 ;0.000000 ; 1.383558 ; 0.194753 
3139 ;0.000000 ; 1.383558 ; 0.194753 
3140 ;0.000000 ; 1.383558 ; 0.194753 
3141 ;0.000000 ; 1.383558 ; 0.194753 
3142 ;0.000000 ; 1.383558 ; 0.194753 
3143 ;0.000000 ; 1.383558 ; 0.194753 
3144 ;0.000000 ; 1.383558 ; 0.194753 
3145 ;0.000000 ; 1.383558 ; 0.194753 
3146 ;0.000000 ; 1.383558 ; 0.194753 
3147 ;0.000000 ; 1.383558 ; 0.194753 
3148 ;0.000000 ; 1.383558 ; 0.194753 
3149 ;0.000000 ; 1.383558 ; 0.194753 
3150 ;0.000000 ; 1.383558 ; 0.194753 
3151 ;0.000000 ; 1.383558 ; 0.194753 
3152 ;0.000000 ; 1.383558 ; 0.194753 
3153 ;0.000000 ; 1.383558 ; 0.194753 
3154 ;0.000000 ; 1.383558 ; 0.194753 
3155 ;0.000000 ; 1.383558 ; 0.194753 
3156 ;0.000000 ; 1.383558 ; 0.194753 
3157 ;0.000000 ; 1.383558 ; 0.194753 
3158 ;0.000000 ; 1.383558 ; 0.194753 
3159 ;0.000000 ; 1.383558 ; 0.194753 
3160 ;0.000000 ; 1.383558 ; 0.194753 
3161 ;0.000000 ; 1.383558 ; 0.194753 
3162 ;0.000000 ; 1.383558 ; 0.194753 
3163 ;0.000000 ; 1.383558 ; 0.194753 
3164 ;0.000000 ; 1.383558 ; 0.194753 
3165 ;0.000000 ; 1.383558 ; 0.194753 
3166 ;0.000000 ; 1.383558 ; 0.194753 
3167 ;0.000000 ; 1.383558 ; 0.194753 
3168 ;0.000000 ; 1.383558 ; 0.194753 
3169 ;0.000000 ; 1.383558 ; 0.194753 
3170 ;0.000000 ; 1.383558 ; 0.194753 
3171 ;0.000000 ; 1.383558 ; 0.194753 
3172 ;0.000000 ; 1.383558 ; 0.194753 
3173 ;0.000000 ; 1.383558 ; 0.194753 
3174 ;0.000000 ; 1.383558 ; 0.194753 
3175 ;0.000000 ; 1.383558 ; 0.194753 
3176 ;0.000000 ; 1.383558 ; 0.194753 
3177 ;0.000000 ; 1.383558 ; 0.194753 
3178 ;0.000000 ; 1.383558 ; 0.194753 
3179 ;0.000000 ; 1.383558 ; 0.194753 
3180 ;0.000000 ; 1.383558 ; 0.194753 
3181 ;0.000000 ; 1.383558 ; 0.194753 
3182 ;0.000000 ; 1.383558 ; 0.194753 
3183 ;0.000000 ; 1.383558 ; 0.194753 
3184 ;0.000000 ; 1.383558 ; 0.194753 
3185 ;0.000000 ; 1.383558 ; 0.194753 
3186 ;0.000000 ; 1.383558 ; 0.194753 
3187 ;0.000000 ; 1.383558 ; 0.194753 
3188 ;0.000000 ; 1.383558 ; 0.194753 
3189 ;0.000000 ; 1.383558 ; 0.194753 
3190 ;0.000000 ; 1.383558 ; 0.194753 
3191 ;0.000000 ; 1.383558 ; 0.194753 
3192 ;0.000000 ; 1.383558 ; 0.194753 
3193 ;0.000000 ; 1.383558 ; 0.194753 
3194 ;0.000000 ; 1.383558 ; 0.194753 
3195 ;0.000000 ; 1.383558 ; 0.194753 
3196 ;0.000000 ; 1.383558 ; 0.194753 
3197 ;0.000000 ; 1.383558 ; 0.194753 
3198 ;0.000000 ; 1.383558 ; 0.194753 
3199 ;0.000000 ; 1.383558 ; 0.194753 
3200 ;0.000000 ; 1.383558 ; 0.194753 
3201 ;0.000000 ; 1.383558 ; 0.194753 
3202 ;0.000000 ; 1.383558 ; 0.194753 
3203 ;0.000000 ; 1.383558 ; 0.194753 
3204 ;0.000000 ; 1.383558 ; 0.194753 
3205 ;0.000000 ; 1.383558 ; 0.194753 
3206 ;0.000000 ; 1.383558 ; 0.194753 
3207 ;0.000000 ; 1.383558 ; 0.194753 
3208 ;0.000000 ; 1.383558 ; 0.194753 
3209 ;0.000000 ; 1.383558 ; 0.194753 
3210 ;0.000000 ; 1.383558 ; 0.194753 
3211 ;0.000000 ; 1.383558 ; 0.194753 
3212 ;0.000000 ; 1.383558 ; 0.194753 
3213 ;0.000000 ; 1.383558 ; 0.194753 
3214 ;0.000000 ; 1.383558 ; 0.194753 
3215 ;0.000000 ; 1.383558 ; 0.194753 
3216 ;0.000000 ; 1.383558 ; 0.194753 
3217 ;0.000000 ; 1.383558 ; 0.194753 
3218 ;0.000000 ; 1.383558 ; 0.194753 
3219 ;0.000000 ; 1.383558 ; 0.194753 
3220 ;0.000000 ; 1.383558 ; 0.194753 
3221 ;0.000000 ; 1.383558 ; 0.194753 
3222 ;0.000000 ; 1.383558 ; 0.194753 
3223 ;0.000000 ; 1.383558 ; 0.194753 
3224 ;0.000000 ; 1.383558 ; 0.194753 
3225 ;0.000000 ; 1.383558 ; 0.194753 
3226 ;0.000000 ; 1.383558 ; 0.194753 
3227 ;0.000000 ; 1.383558 ; 0.194753 
3228 ;0.000000 ; 1.383558 ; 0.194753 
3229 ;0.000000 ; 1.383558 ; 0.194753 
3230 ;0.000000 ; 1.383558 ; 0.194753 
3231 ;0.000000 ; 1.383558 ; 0.194753 
3232 ;0.000000 ; 1.383558 ; 0.194753 
3233 ;0.000000 ; 1.383558 ; 0.194753 
3234 ;0.000000 ; 1.383558 ; 0.194753 
3235 ;0.000000 ; 1.383558 ; 0.194753 
3236 ;0.000000 ; 1.383558 ; 0.194753 
3237 ;0.000000 ; 1.383558 ; 0.194753 
3238 ;0.000000 ; 1.383558 ; 0.194753 
3239 ;0.000000 ; 1.383558 ; 0.194753 
3240 ;0.000000 ; 1.383558 ; 0.194753 
3241 ;0.000000 ; 1.383558 ; 0.194753 
3242 ;0.000000 ; 1.383558 ; 0.194753 
3243 ;0.000000 ; 1.383558 ; 0.194753 
3244 ;0.000000 ; 1.383558 ; 0.194753 
3245 ;0.000000 ; 1.383558 ; 0.194753 
3246 ;0.000000 ; 1.383558 ; 0.194753 
3247 ;0.000000 ; 1.383558 ; 0.194753 
3248 ;0.000000 ; 1.383558 ; 0.194753 
3249 ;0.000000 ; 1.383558 ; 0.194753 
3250 ;0.000000 ; 1.383558 ; 0.194753 
3251 ;0.000000 ; 1.383558 ; 0.194753 
3252 ;0.000000 ; 1.383558 ; 0.194753 
3253 ;0.000000 ; 1.383558 ; 0.194753 
3254 ;0.000000 ; 1.383558 ; 0.194753 
3255 ;0.000000 ; 1.383558 ; 0.194753 
3256 ;0.000000 ; 1.383558 ; 0.194753 
3257 ;0.000000 ; 1.383558 ; 0.194753 
3258 ;0.000000 ; 1.383558 ; 0.194753 
3259 ;0.000000 ; 1.383558 ; 0.194753 
3260 ;0.000000 ; 1.383558 ; 0.194753 
3261 ;0.000000 ; 1.383558 ; 0.194753 
3262 ;0.000000 ; 1.383558 ; 0.194753 
3263 ;0.000000 ; 1.383558 ; 0.194753 
3264 ;0.000000 ; 1.383558 ; 0.194753 
3265 ;0.000000 ; 1.383558 ; 0.194753 
3266 ;0.000000 ; 1.383558 ; 0.194753 
3267 ;0.000000 ; 1.383558 ; 0.194753 
3268 ;0.000000 ; 1.383558 ; 0.194753 
3269 ;0.000000 ; 1.383558 ; 0.194753 
3270 ;0.000000 ; 1.383558 ; 0.194753 
3271 ;0.000000 ; 1.383558 ; 0.194753 
3272 ;0.000000 ; 1.383558 ; 0.194753 
3273 ;0.000000 ; 1.383558 ; 0.194753 
3274 ;0.000000 ; 1.383558 ; 0.194753 
