SWV ITM Data Console - ITM Port: 0
0 ;0.000000 ; 0.000000 ; 0.000000 
1 ;0.000000 ; 0.000000 ; 0.000000 
2 ;0.000000 ; 0.000000 ; 0.000000 
3 ;0.000000 ; 0.000000 ; 0.000000 
4 ;0.000000 ; 0.000000 ; 0.000000 
5 ;0.000000 ; 0.000000 ; 0.000000 
6 ;0.000000 ; 0.000000 ; 0.000000 
7 ;0.000000 ; 0.000000 ; 0.000000 
8 ;0.000000 ; 0.000000 ; 0.000000 
9 ;0.000000 ; 0.000000 ; 0.000000 
10 ;0.000000 ; 0.000000 ; 0.000000 
11 ;0.000000 ; 0.000000 ; 0.000000 
12 ;0.000000 ; 0.000000 ; 0.000000 
13 ;0.000000 ; 0.000000 ; 0.000000 
14 ;0.000000 ; 0.000000 ; 0.000000 
15 ;0.000000 ; 0.000000 ; 0.000000 
16 ;0.000000 ; 0.000000 ; 0.000000 
17 ;0.000000 ; 0.000000 ; 0.000000 
18 ;0.000000 ; 0.000000 ; 0.000000 
19 ;0.000000 ; 0.000000 ; 0.000000 
20 ;0.000000 ; 0.000000 ; 0.000000 
21 ;0.000000 ; 0.000000 ; 0.000000 
22 ;0.000000 ; 0.000000 ; 0.000000 
23 ;0.000000 ; 0.000000 ; 0.000000 
24 ;0.000000 ; 0.000000 ; 0.000000 
25 ;0.000000 ; 0.000000 ; 0.000000 
26 ;0.000000 ; 0.000000 ; 0.000000 
27 ;0.000000 ; 0.000000 ; 0.000000 
28 ;0.000000 ; 0.000000 ; 0.000000 
29 ;0.000000 ; 0.000000 ; 0.000000 
30 ;0.000000 ; 0.000000 ; 0.000000 
31 ;0.000000 ; 0.000000 ; 0.000000 
32 ;0.000000 ; 0.000000 ; 0.000000 
33 ;0.000000 ; 0.000000 ; 0.000000 
34 ;0.000000 ; 0.000000 ; 0.000000 
35 ;0.000000 ; 0.000000 ; 0.000000 
36 ;0.000000 ; 0.000000 ; 0.000000 
37 ;0.000000 ; 0.000000 ; 0.000000 
38 ;0.000000 ; 0.000000 ; 0.000000 
39 ;0.000000 ; 0.000000 ; 0.000000 
40 ;0.000000 ; 0.000000 ; 0.000000 
41 ;0.000000 ; 0.000000 ; 0.000000 
42 ;0.000000 ; 0.000000 ; 0.000000 
43 ;0.000000 ; 0.000000 ; 0.000000 
44 ;0.000000 ; 0.000000 ; 0.000000 
45 ;0.000000 ; 0.000000 ; 0.000000 
46 ;0.000000 ; 0.000000 ; 0.000000 
47 ;0.000000 ; 0.000000 ; 0.000000 
48 ;0.000000 ; 0.000000 ; 0.000000 
49 ;0.000000 ; 0.000000 ; 0.000000 
50 ;0.000000 ; 0.000000 ; 0.000000 
51 ;0.000000 ; 0.000000 ; 0.000000 
52 ;0.000000 ; 0.000000 ; 0.000000 
53 ;0.000000 ; 0.000000 ; 0.000000 
54 ;0.000000 ; 0.000000 ; 0.000000 
55 ;0.000000 ; 0.000000 ; 0.000000 
56 ;0.000000 ; 0.000000 ; 0.000000 
57 ;0.000000 ; 0.000000 ; 0.000000 
58 ;0.000000 ; 0.000000 ; 0.000000 
59 ;0.000000 ; 0.000000 ; 0.000000 
60 ;0.000000 ; 0.000000 ; 0.000000 
61 ;0.000000 ; 0.000000 ; 0.000000 
62 ;0.000000 ; 0.000000 ; 0.000000 
63 ;0.000000 ; 0.000000 ; 0.000000 
64 ;0.000000 ; 0.000000 ; 0.000000 
65 ;0.000000 ; 0.000000 ; 0.000000 
66 ;0.000000 ; 0.000000 ; 0.000000 
67 ;0.000000 ; 0.000000 ; 0.000000 
68 ;0.000000 ; 0.000000 ; 0.000000 
69 ;0.000000 ; 0.000000 ; 0.000000 
70 ;0.000000 ; 0.000000 ; 0.000000 
71 ;0.000000 ; 0.000000 ; 0.000000 
72 ;0.000000 ; 0.000000 ; 0.000000 
73 ;0.000000 ; 0.000000 ; 0.000000 
74 ;0.000000 ; 0.000000 ; 0.000000 
75 ;0.000000 ; 0.000000 ; 0.000000 
76 ;0.000000 ; 0.000000 ; 0.000000 
77 ;0.000000 ; 0.000000 ; 0.000000 
78 ;0.000000 ; 0.000000 ; 0.000000 
79 ;0.000000 ; 0.000000 ; 0.000000 
80 ;0.000000 ; 0.000000 ; 0.000000 
81 ;0.000000 ; 0.000000 ; 0.000000 
82 ;0.000000 ; 0.000000 ; 0.000000 
83 ;0.000000 ; 0.000000 ; 0.000000 
84 ;0.000000 ; 0.000000 ; 0.000000 
85 ;0.000000 ; 0.000000 ; 0.000000 
86 ;0.000000 ; 0.000000 ; 0.000000 
87 ;0.000000 ; 0.000000 ; 0.000000 
88 ;0.000000 ; 0.000000 ; 0.000000 
89 ;0.000000 ; 0.000000 ; 0.000000 
90 ;0.000000 ; 0.000000 ; 0.000000 
91 ;0.000000 ; 0.000000 ; 0.000000 
92 ;0.000000 ; 0.000000 ; 0.000000 
93 ;0.000000 ; 0.000000 ; 0.000000 
94 ;0.000000 ; 0.000000 ; 0.000000 
95 ;0.000000 ; 0.000000 ; 0.000000 
96 ;0.000000 ; 0.000000 ; 0.000000 
97 ;0.000000 ; 0.000000 ; 0.000000 
98 ;0.000000 ; 0.000000 ; 0.000000 
99 ;0.000000 ; 0.000000 ; 0.000000 
100 ;0.000000 ; 0.000000 ; 0.000000 
101 ;0.000000 ; 0.000000 ; 0.000000 
102 ;0.000000 ; 0.000000 ; 0.000000 
103 ;0.000000 ; 0.000000 ; 0.000000 
104 ;0.000000 ; 0.000000 ; 0.000000 
105 ;0.000000 ; 0.000000 ; 0.000000 
106 ;0.000000 ; 0.000000 ; 0.000000 
107 ;0.000000 ; 0.000000 ; 0.000000 
108 ;0.000000 ; 0.000000 ; 0.000000 
109 ;0.000000 ; 0.000000 ; 0.000000 
110 ;0.000000 ; 0.000000 ; 0.000000 
111 ;0.000000 ; 0.000000 ; 0.000000 
112 ;0.000000 ; 0.000000 ; 0.000000 
113 ;0.000000 ; 0.000000 ; 0.000000 
114 ;0.000000 ; 0.000000 ; 0.000000 
115 ;0.000000 ; 0.000000 ; 0.000000 
116 ;0.000000 ; 0.000000 ; 0.000000 
117 ;0.000000 ; 0.000000 ; 0.000000 
118 ;0.000000 ; 0.000000 ; 0.000000 
119 ;0.000000 ; 0.000000 ; 0.000000 
120 ;0.000000 ; 0.000000 ; 0.000000 
121 ;0.000000 ; 0.000000 ; 0.000000 
122 ;0.000000 ; 0.000000 ; 0.000000 
123 ;0.000000 ; 0.000000 ; 0.000000 
124 ;0.000000 ; 0.000000 ; 0.000000 
125 ;0.000000 ; 0.000000 ; 0.000000 
126 ;0.000000 ; 0.000000 ; 0.000000 
127 ;0.000000 ; 0.000000 ; 0.000000 
128 ;0.000000 ; 0.000000 ; 0.000000 
129 ;0.000000 ; 0.000000 ; 0.000000 
130 ;0.000000 ; 0.000000 ; 0.000000 
131 ;0.000000 ; 0.000000 ; 0.000000 
132 ;0.000000 ; 0.000000 ; 0.000000 
133 ;0.000000 ; 0.000000 ; 0.000000 
134 ;0.000000 ; 0.000000 ; 0.000000 
135 ;0.000000 ; 0.000000 ; 0.000000 
136 ;0.000000 ; 0.000000 ; 0.000000 
137 ;0.000000 ; 0.000000 ; 0.000000 
138 ;0.000000 ; 0.000000 ; 0.000000 
139 ;0.000000 ; 0.000000 ; 0.000000 
140 ;0.000000 ; 0.000000 ; 0.000000 
141 ;0.000000 ; 0.000000 ; 0.000000 
142 ;0.000000 ; 0.000000 ; 0.000000 
143 ;0.000000 ; 0.000000 ; 0.000000 
144 ;0.000000 ; 0.000000 ; 0.000000 
145 ;0.000000 ; 0.000000 ; 0.000000 
146 ;0.000000 ; 0.000000 ; 0.000000 
147 ;0.000000 ; 0.000000 ; 0.000000 
148 ;0.000000 ; 0.000000 ; 0.000000 
149 ;0.000000 ; 0.000000 ; 0.000000 
150 ;0.000000 ; 0.000000 ; 0.000000 
151 ;0.000000 ; 0.000000 ; 0.000000 
152 ;0.000000 ; 0.000000 ; 0.000000 
153 ;0.000000 ; 0.000000 ; 0.000000 
154 ;0.000000 ; 0.000000 ; 0.000000 
155 ;0.000000 ; 0.000000 ; 0.000000 
156 ;0.000000 ; 0.000000 ; 0.000000 
157 ;0.000000 ; 0.000000 ; 0.000000 
158 ;0.000000 ; 0.000000 ; 0.000000 
159 ;0.000000 ; 0.000000 ; 0.000000 
160 ;0.000000 ; 0.000000 ; 0.000000 
161 ;0.000000 ; 0.000000 ; 0.000000 
162 ;0.000000 ; 0.000000 ; 0.000000 
163 ;0.000000 ; 0.000000 ; 0.000000 
164 ;0.000000 ; 0.000000 ; 0.000000 
165 ;0.000000 ; 0.000000 ; 0.000000 
166 ;0.000000 ; 0.000000 ; 0.000000 
167 ;0.000000 ; 0.000000 ; 0.000000 
168 ;0.000000 ; 0.000000 ; 0.000000 
169 ;0.000000 ; 0.000000 ; 0.000000 
170 ;0.000000 ; 0.000000 ; 0.000000 
171 ;0.000000 ; 0.000000 ; 0.000000 
172 ;0.000000 ; 0.000000 ; 0.000000 
173 ;0.000000 ; 0.000000 ; 0.000000 
174 ;0.000000 ; 0.000000 ; 0.000000 
175 ;0.000000 ; 0.000000 ; 0.000000 
176 ;0.000000 ; 0.000000 ; 0.000000 
177 ;0.000000 ; 0.000000 ; 0.000000 
178 ;0.000000 ; 0.000000 ; 0.000000 
179 ;0.000000 ; 0.000000 ; 0.000000 
180 ;0.000000 ; 0.000000 ; 0.000000 
181 ;0.000000 ; 0.000000 ; 0.000000 
182 ;0.000000 ; 0.000000 ; 0.000000 
183 ;0.000000 ; 0.000000 ; 0.000000 
184 ;0.000000 ; 0.000000 ; 0.000000 
185 ;0.000000 ; 0.000000 ; 0.000000 
186 ;0.000000 ; 0.000000 ; 0.000000 
187 ;0.000000 ; 0.000000 ; 0.000000 
188 ;0.000000 ; 0.000000 ; 0.000000 
189 ;0.000000 ; 0.000000 ; 0.000000 
190 ;0.000000 ; 0.000000 ; 0.000000 
191 ;0.000000 ; 0.000000 ; 0.000000 
192 ;0.000000 ; 0.000000 ; 0.000000 
193 ;0.000000 ; 0.000000 ; 0.000000 
194 ;0.000000 ; 0.000000 ; 0.000000 
195 ;0.000000 ; 0.000000 ; 0.000000 
196 ;0.000000 ; 0.000000 ; 0.000000 
197 ;0.000000 ; 0.000000 ; 0.000000 
198 ;0.000000 ; 0.000000 ; 0.000000 
199 ;0.000000 ; 0.000000 ; 0.000000 
200 ;0.000000 ; 0.000000 ; 0.000000 
201 ;0.000000 ; 0.000000 ; 0.000000 
202 ;0.000000 ; 0.000000 ; 0.000000 
203 ;0.000000 ; 0.000000 ; 0.000000 
204 ;0.000000 ; 0.000000 ; 0.000000 
205 ;0.000000 ; 0.000000 ; 0.000000 
206 ;0.000000 ; 0.000000 ; 0.000000 
207 ;0.000000 ; 0.000000 ; 0.000000 
208 ;0.000000 ; 0.000000 ; 0.000000 
209 ;0.000000 ; 0.000000 ; 0.000000 
210 ;0.000000 ; 0.000000 ; 0.000000 
211 ;0.000000 ; 0.000000 ; 0.000000 
212 ;0.000000 ; 0.000000 ; 0.000000 
213 ;0.000000 ; 0.000000 ; 0.000000 
214 ;0.000000 ; 0.000000 ; 0.000000 
215 ;0.000000 ; 0.000000 ; 0.000000 
216 ;0.000000 ; 0.000000 ; 0.000000 
217 ;0.000000 ; 0.000000 ; 0.000000 
218 ;0.000000 ; 0.000000 ; 0.000000 
219 ;0.000000 ; 0.000000 ; 0.000000 
220 ;0.000000 ; 0.000000 ; 0.000000 
221 ;0.000000 ; 0.000000 ; 0.000000 
222 ;0.000000 ; 0.000000 ; 0.000000 
223 ;0.000000 ; 0.000000 ; 0.000000 
224 ;0.000000 ; 0.000000 ; 0.000000 
225 ;0.000000 ; 0.000000 ; 0.000000 
226 ;0.000000 ; 0.000000 ; 0.000000 
227 ;0.000000 ; 0.000000 ; 0.000000 
228 ;0.000000 ; 0.000000 ; 0.000000 
229 ;0.000000 ; 0.000000 ; 0.000000 
230 ;0.000000 ; 0.000000 ; 0.000000 
231 ;0.000000 ; 0.000000 ; 0.000000 
232 ;0.000000 ; 0.000000 ; 0.000000 
233 ;0.000000 ; 0.000000 ; 0.000000 
234 ;0.000000 ; 0.000000 ; 0.000000 
235 ;0.000000 ; 0.000000 ; 0.000000 
236 ;0.000000 ; 0.000000 ; 0.000000 
237 ;0.000000 ; 0.000000 ; 0.000000 
238 ;0.000000 ; 0.000000 ; 0.000000 
239 ;0.000000 ; 0.000000 ; 0.000000 
240 ;0.000000 ; 0.000000 ; 0.000000 
241 ;0.000000 ; 0.000000 ; 0.000000 
242 ;0.000000 ; 0.000000 ; 0.000000 
243 ;0.000000 ; 0.000000 ; 0.000000 
244 ;0.000000 ; 0.000000 ; 0.000000 
245 ;0.000000 ; 0.000000 ; 0.000000 
246 ;0.000000 ; 0.000000 ; 0.000000 
247 ;0.000000 ; 0.000000 ; 0.000000 
248 ;0.000000 ; 0.000000 ; 0.000000 
249 ;0.000000 ; 0.000000 ; 0.000000 
250 ;0.000000 ; 0.000000 ; 0.000000 
251 ;0.000000 ; 0.000000 ; 0.000000 
252 ;0.000000 ; 0.000000 ; 0.000000 
253 ;0.000000 ; 0.000000 ; 0.000000 
254 ;0.000000 ; 0.000000 ; 0.000000 
255 ;0.000000 ; 0.000000 ; 0.000000 
256 ;0.000000 ; 0.000000 ; 0.000000 
257 ;0.000000 ; 0.000000 ; 0.000000 
258 ;0.000000 ; 0.000000 ; 0.000000 
259 ;0.000000 ; 0.000000 ; 0.000000 
260 ;0.000000 ; 0.000000 ; 0.000000 
261 ;0.000000 ; 0.000000 ; 0.000000 
262 ;0.000000 ; 0.000000 ; 0.000000 
263 ;0.000000 ; 0.000000 ; 0.000000 
264 ;0.000000 ; 0.000000 ; 0.000000 
265 ;0.000000 ; 0.000000 ; 0.000000 
266 ;0.000000 ; 0.000000 ; 0.000000 
267 ;0.000000 ; 0.000000 ; 0.000000 
268 ;0.000000 ; 0.000000 ; 0.000000 
269 ;0.000000 ; 0.000000 ; 0.000000 
270 ;0.000000 ; 0.000000 ; 0.000000 
271 ;0.000000 ; 0.000000 ; 0.000000 
272 ;0.000000 ; 0.000000 ; 0.000000 
273 ;0.000000 ; 0.000000 ; 0.000000 
274 ;0.000000 ; 0.000000 ; 0.000000 
275 ;0.000000 ; 0.000000 ; 0.000000 
276 ;0.000000 ; 0.000000 ; 0.000000 
277 ;0.000000 ; 0.000000 ; 0.000000 
278 ;0.000000 ; 0.000000 ; 0.000000 
279 ;0.000000 ; 0.000000 ; 0.000000 
280 ;0.000000 ; 0.000000 ; 0.000000 
281 ;0.000000 ; 0.000000 ; 0.000000 
282 ;0.000000 ; 0.000000 ; 0.000000 
283 ;0.000000 ; 0.000000 ; 0.000000 
284 ;0.000000 ; 0.000000 ; 0.000000 
285 ;0.000000 ; 0.000000 ; 0.000000 
286 ;0.000000 ; 0.000000 ; 0.000000 
287 ;0.000000 ; 0.000000 ; 0.000000 
288 ;0.000000 ; 0.000000 ; 0.000000 
289 ;0.000000 ; 0.000000 ; 0.000000 
290 ;0.000000 ; 0.000000 ; 0.000000 
291 ;0.000000 ; 0.000000 ; 0.000000 
292 ;0.000000 ; 0.000000 ; 0.000000 
293 ;0.000000 ; 0.000000 ; 0.000000 
294 ;0.000000 ; 0.000000 ; 0.000000 
295 ;0.000000 ; 0.000000 ; 0.000000 
296 ;0.000000 ; 0.000000 ; 0.000000 
297 ;0.000000 ; 0.000000 ; 0.000000 
298 ;0.000000 ; 0.000000 ; 0.000000 
299 ;0.000000 ; 0.000000 ; 0.000000 
300 ;0.000000 ; 0.000000 ; 0.000000 
301 ;0.000000 ; 0.000000 ; 0.000000 
302 ;0.000000 ; 0.000000 ; 0.000000 
303 ;0.000000 ; 0.000000 ; 0.000000 
304 ;0.000000 ; 0.000000 ; 0.000000 
305 ;0.000000 ; 0.000000 ; 0.000000 
306 ;0.000000 ; 0.000000 ; 0.000000 
307 ;0.000000 ; 0.000000 ; 0.000000 
308 ;0.000000 ; 0.000000 ; 0.000000 
309 ;0.000000 ; 0.000000 ; 0.000000 
310 ;0.000000 ; 0.000000 ; 0.000000 
311 ;0.000000 ; 0.000000 ; 0.000000 
312 ;0.000000 ; 0.000000 ; 0.000000 
313 ;0.000000 ; 0.000000 ; 0.000000 
314 ;0.000000 ; 0.000000 ; 0.000000 
315 ;0.000000 ; 0.000000 ; 0.000000 
316 ;0.000000 ; 0.000000 ; 0.000000 
317 ;0.000000 ; 0.000000 ; 0.000000 
318 ;0.000000 ; 0.000000 ; 0.000000 
319 ;0.000000 ; 0.000000 ; 0.000000 
320 ;0.000000 ; 0.000000 ; 0.000000 
321 ;0.000000 ; 0.000000 ; 0.000000 
322 ;0.000000 ; 0.000000 ; 0.000000 
323 ;0.000000 ; 0.000000 ; 0.000000 
324 ;0.000000 ; 0.000000 ; 0.000000 
325 ;0.000000 ; 0.000000 ; 0.000000 
326 ;0.000000 ; 0.000000 ; 0.000000 
327 ;0.000000 ; 0.000000 ; 0.000000 
328 ;0.000000 ; 0.000000 ; 0.000000 
329 ;0.000000 ; 0.000000 ; 0.000000 
330 ;0.000000 ; 0.000000 ; 0.000000 
331 ;0.000000 ; 0.000000 ; 0.000000 
332 ;0.000000 ; 0.000000 ; 0.000000 
333 ;0.000000 ; 0.000000 ; 0.000000 
334 ;0.000000 ; 0.000000 ; 0.000000 
335 ;0.000000 ; 0.000000 ; 0.000000 
336 ;0.000000 ; 0.000000 ; 0.000000 
337 ;0.000000 ; 0.000000 ; 0.000000 
338 ;0.000000 ; 0.000000 ; 0.000000 
339 ;0.000000 ; 0.000000 ; 0.000000 
340 ;0.000000 ; 0.000000 ; 0.000000 
341 ;0.000000 ; 0.000000 ; 0.000000 
342 ;0.000000 ; 0.000000 ; 0.000000 
343 ;0.000000 ; 0.000000 ; 0.000000 
344 ;0.000000 ; 0.000000 ; 0.000000 
345 ;0.000000 ; 0.000000 ; 0.000000 
346 ;0.000000 ; 0.000000 ; 0.000000 
347 ;0.000000 ; 0.000000 ; 0.000000 
348 ;0.000000 ; 0.000000 ; 0.000000 
349 ;0.000000 ; 0.000000 ; 0.000000 
350 ;0.000000 ; 0.000000 ; 0.000000 
351 ;0.000000 ; 0.000000 ; 0.000000 
352 ;0.000000 ; 0.000000 ; 0.000000 
353 ;0.000000 ; 0.000000 ; 0.000000 
354 ;0.000000 ; 0.000000 ; 0.000000 
355 ;0.000000 ; 0.000000 ; 0.000000 
356 ;0.000000 ; 0.000000 ; 0.000000 
357 ;0.000000 ; 0.000000 ; 0.000000 
358 ;0.000000 ; 0.000000 ; 0.000000 
359 ;0.000000 ; 0.000000 ; 0.000000 
360 ;0.000000 ; 0.000000 ; 0.000000 
361 ;0.000000 ; 0.000000 ; 0.000000 
362 ;0.000000 ; 0.000000 ; 0.000000 
363 ;0.000000 ; 0.000000 ; 0.000000 
364 ;0.000000 ; 0.000000 ; 0.000000 
365 ;0.000000 ; 0.000000 ; 0.000000 
366 ;0.000000 ; 0.000000 ; 0.000000 
367 ;0.000000 ; 0.000000 ; 0.000000 
368 ;0.000000 ; 0.000000 ; 0.000000 
369 ;0.000000 ; 0.000000 ; 0.000000 
370 ;0.000000 ; 0.000000 ; 0.000000 
371 ;0.000000 ; 0.000000 ; 0.000000 
372 ;0.000000 ; 0.000000 ; 0.000000 
373 ;0.000000 ; 0.000000 ; 0.000000 
374 ;0.000000 ; 0.000000 ; 0.000000 
375 ;0.000000 ; 0.000000 ; 0.000000 
376 ;0.000000 ; 0.000000 ; 0.000000 
377 ;0.000000 ; 0.000000 ; 0.000000 
378 ;0.000000 ; 0.000000 ; 0.000000 
379 ;0.000000 ; 0.000000 ; 0.000000 
380 ;0.000000 ; 0.000000 ; 0.000000 
381 ;0.000000 ; 0.000000 ; 0.000000 
382 ;0.000000 ; 0.000000 ; 0.000000 
383 ;0.000000 ; 0.000000 ; 0.000000 
384 ;0.000000 ; 0.000000 ; 0.000000 
385 ;0.000000 ; 0.000000 ; 0.000000 
386 ;0.000000 ; 0.000000 ; 0.000000 
387 ;0.000000 ; 0.000000 ; 0.000000 
388 ;0.000000 ; 0.000000 ; 0.000000 
389 ;0.000000 ; 0.000000 ; 0.000000 
390 ;0.000000 ; 0.000000 ; 0.000000 
391 ;0.000000 ; 0.000000 ; 0.000000 
392 ;0.000000 ; 0.000000 ; 0.000000 
393 ;0.000000 ; 0.000000 ; 0.000000 
394 ;0.000000 ; 0.000000 ; 0.000000 
395 ;0.000000 ; 0.000000 ; 0.000000 
396 ;0.000000 ; 0.000000 ; 0.000000 
397 ;0.000000 ; 0.000000 ; 0.000000 
398 ;0.000000 ; 0.000000 ; 0.000000 
399 ;0.000000 ; 0.000000 ; 0.000000 
400 ;0.000000 ; 0.000000 ; 0.000000 
401 ;0.000000 ; 0.000000 ; 0.000000 
402 ;0.000000 ; 0.000000 ; 0.000000 
403 ;0.000000 ; 0.000000 ; 0.000000 
404 ;0.000000 ; 0.000000 ; 0.000000 
405 ;0.000000 ; 0.000000 ; 0.000000 
406 ;0.000000 ; 0.000000 ; 0.000000 
407 ;0.000000 ; 0.000000 ; 0.000000 
408 ;0.000000 ; 0.000000 ; 0.000000 
409 ;0.000000 ; 0.000000 ; 0.000000 
410 ;0.000000 ; 0.000000 ; 0.000000 
411 ;0.000000 ; 0.000000 ; 0.000000 
412 ;0.000000 ; 0.000000 ; 0.000000 
413 ;0.000000 ; 0.000000 ; 0.000000 
414 ;0.000000 ; 0.000000 ; 0.000000 
415 ;0.000000 ; 0.000000 ; 0.000000 
416 ;0.000000 ; 0.000000 ; 0.000000 
417 ;0.000000 ; 0.000000 ; 0.000000 
418 ;0.000000 ; 0.000000 ; 0.000000 
419 ;0.000000 ; 0.000000 ; 0.000000 
420 ;0.000000 ; 0.000000 ; 0.000000 
421 ;0.000000 ; 0.000000 ; 0.000000 
422 ;0.000000 ; 0.000000 ; 0.000000 
423 ;0.000000 ; 0.000000 ; 0.000000 
424 ;0.000000 ; 0.000000 ; 0.000000 
425 ;0.000000 ; 0.000000 ; 0.000000 
426 ;0.000000 ; 0.000000 ; 0.000000 
427 ;0.000000 ; 0.000000 ; 0.000000 
428 ;0.000000 ; 0.000000 ; 0.000000 
429 ;0.000000 ; 0.000000 ; 0.000000 
430 ;0.000000 ; 0.000000 ; 0.000000 
431 ;0.000000 ; 0.000000 ; 0.000000 
432 ;0.000000 ; 0.000000 ; 0.000000 
433 ;0.000000 ; 0.000000 ; 0.000000 
434 ;0.000000 ; 0.000000 ; 0.000000 
435 ;0.000000 ; 0.000000 ; 0.000000 
436 ;0.000000 ; 0.000000 ; 0.000000 
437 ;0.000000 ; 0.000000 ; 0.000000 
438 ;0.000000 ; 0.000000 ; 0.000000 
439 ;0.000000 ; 0.000000 ; 0.000000 
440 ;0.000000 ; 0.000000 ; 0.000000 
441 ;0.000000 ; 0.000000 ; 0.000000 
442 ;0.000000 ; 0.000000 ; 0.000000 
443 ;0.000000 ; 0.000000 ; 0.000000 
444 ;0.000000 ; 0.000000 ; 0.000000 
445 ;0.000000 ; 0.000000 ; 0.000000 
446 ;0.000000 ; 0.000000 ; 0.000000 
447 ;0.000000 ; 0.000000 ; 0.000000 
448 ;0.000000 ; 0.000000 ; 0.000000 
449 ;0.000000 ; 0.000000 ; 0.000000 
450 ;0.000000 ; 0.000000 ; 0.000000 
451 ;0.000000 ; 0.000000 ; 0.000000 
452 ;0.000000 ; 0.000000 ; 0.000000 
453 ;0.000000 ; 0.000000 ; 0.000000 
454 ;0.000000 ; 0.000000 ; 0.000000 
455 ;0.000000 ; 0.000000 ; 0.000000 
456 ;0.000000 ; 0.000000 ; 0.000000 
457 ;0.000000 ; 0.000000 ; 0.000000 
458 ;0.000000 ; 0.000000 ; 0.000000 
459 ;0.000000 ; 0.000000 ; 0.000000 
460 ;0.000000 ; 0.000000 ; 0.000000 
461 ;0.000000 ; 0.000000 ; 0.000000 
462 ;0.000000 ; 0.000000 ; 0.000000 
463 ;0.000000 ; 0.000000 ; 0.000000 
464 ;0.000000 ; 0.000000 ; 0.000000 
465 ;0.000000 ; 0.000000 ; 0.000000 
466 ;0.000000 ; 0.000000 ; 0.000000 
467 ;0.000000 ; 0.000000 ; 0.000000 
468 ;0.000000 ; 0.000000 ; 0.000000 
469 ;0.000000 ; 0.000000 ; 0.000000 
470 ;0.000000 ; 0.000000 ; 0.000000 
471 ;0.000000 ; 0.000000 ; 0.000000 
472 ;0.000000 ; 0.000000 ; 0.000000 
473 ;0.000000 ; 0.000000 ; 0.000000 
474 ;0.000000 ; 0.000000 ; 0.000000 
475 ;0.000000 ; 0.000000 ; 0.000000 
476 ;0.000000 ; 0.000000 ; 0.000000 
477 ;0.000000 ; 0.000000 ; 0.000000 
478 ;0.000000 ; 0.000000 ; 0.000000 
479 ;0.000000 ; 0.000000 ; 0.000000 
480 ;0.000000 ; 0.000000 ; 0.000000 
481 ;0.000000 ; 0.000000 ; 0.000000 
482 ;0.000000 ; 0.000000 ; 0.000000 
483 ;0.000000 ; 0.000000 ; 0.000000 
484 ;0.000000 ; 0.000000 ; 0.000000 
485 ;0.000000 ; 0.000000 ; 0.000000 
486 ;0.000000 ; 0.000000 ; 0.000000 
487 ;0.000000 ; 0.000000 ; 0.000000 
488 ;0.000000 ; 0.000000 ; 0.000000 
489 ;0.000000 ; 0.000000 ; 0.000000 
490 ;0.000000 ; 0.000000 ; 0.000000 
491 ;0.000000 ; 0.000000 ; 0.000000 
492 ;0.000000 ; 0.000000 ; 0.000000 
493 ;0.000000 ; 0.000000 ; 0.000000 
494 ;0.000000 ; 0.000000 ; 0.000000 
495 ;0.000000 ; 0.000000 ; 0.000000 
496 ;0.000000 ; 0.000000 ; 0.000000 
497 ;0.000000 ; 0.000000 ; 0.000000 
498 ;0.000000 ; 0.000000 ; 0.000000 
499 ;0.000000 ; 0.000000 ; 0.000000 
500 ;0.000000 ; 0.000000 ; 0.000000 
501 ;0.000000 ; 0.000000 ; 0.000000 
502 ;0.000000 ; 0.000000 ; 0.000000 
503 ;0.000000 ; 0.000000 ; 0.000000 
504 ;0.000000 ; 0.000000 ; 0.000000 
505 ;0.000000 ; 0.000000 ; 0.000000 
506 ;0.000000 ; 0.000000 ; 0.000000 
507 ;0.000000 ; 0.000000 ; 0.000000 
508 ;0.000000 ; 0.000000 ; 0.000000 
509 ;0.000000 ; 0.000000 ; 0.000000 
510 ;0.000000 ; 0.000000 ; 0.000000 
511 ;0.000000 ; 0.000000 ; 0.000000 
512 ;0.000000 ; 0.000000 ; 0.000000 
513 ;0.000000 ; 0.000000 ; 0.000000 
514 ;0.000000 ; 0.000000 ; 0.000000 
515 ;0.000000 ; 0.000000 ; 0.000000 
516 ;0.000000 ; 0.000000 ; 0.000000 
517 ;0.000000 ; 0.000000 ; 0.000000 
518 ;0.000000 ; 0.000000 ; 0.000000 
519 ;0.000000 ; 0.000000 ; 0.000000 
520 ;0.000000 ; 0.000000 ; 0.000000 
521 ;0.000000 ; 0.000000 ; 0.000000 
522 ;0.000000 ; 0.000000 ; 0.000000 
523 ;0.000000 ; 0.000000 ; 0.000000 
524 ;0.000000 ; 0.000000 ; 0.000000 
525 ;0.000000 ; 0.000000 ; 0.000000 
526 ;0.000000 ; 0.000000 ; 0.000000 
527 ;0.000000 ; 0.000000 ; 0.000000 
528 ;0.000000 ; 0.000000 ; 0.000000 
529 ;0.000000 ; 0.000000 ; 0.000000 
532 ;0.000000 ; 0.000000 ; -1.714835 
535 ;0.000000 ; 0.016336 ; -1.165773 
538 ;0.000000 ; 0.046182 ; -1.318111 
541 ;0.000000 ; 0.067230 ; -1.114306 
544 ;0.000000 ; 0.088907 ; -1.106979 
547 ;0.000000 ; 0.110270 ; -1.005084 
550 ;0.000000 ; 0.132261 ; -0.956517 
553 ;0.000000 ; 0.152996 ; -0.885954 
556 ;0.000000 ; 0.176558 ; -0.820414 
559 ;0.000000 ; 0.194779 ; -0.766342 
562 ;0.000000 ; 0.213000 ; -0.717490 
565 ;0.000000 ; 0.229965 ; -0.666831 
568 ;0.000000 ; 0.247872 ; -0.622126 
571 ;0.000000 ; 0.264836 ; -0.586920 
574 ;0.000000 ; 0.283372 ; -0.542687 
577 ;0.000000 ; 0.299708 ; -0.511877 
580 ;0.000000 ; 0.314788 ; -0.483604 
583 ;0.000000 ; 0.328925 ; -0.461055 
586 ;0.000000 ; 0.343062 ; -0.438571 
589 ;0.000000 ; 0.355943 ; -0.414789 
592 ;0.000000 ; 0.372279 ; -0.391248 
595 ;0.000000 ; 0.384217 ; -0.373670 
598 ;0.000000 ; 0.396155 ; -0.358005 
601 ;0.000000 ; 0.407465 ; -0.345731 
604 ;0.000000 ; 0.417832 ; -0.333448 
607 ;0.000000 ; 0.429770 ; -0.322288 
610 ;0.000000 ; 0.439195 ; -0.316853 
613 ;0.000000 ; 0.447049 ; -0.305640 
614 ;0.000000 ; 0.455845 ; -0.297134 
617 ;0.000000 ; 0.463385 ; -0.290104 
620 ;0.000000 ; 0.469354 ; -0.285633 
623 ;0.000000 ; 0.477208 ; -0.283112 
626 ;0.000000 ; 0.482235 ; -0.280258 
629 ;0.000000 ; 0.488204 ; -0.276734 
632 ;0.000000 ; 0.492916 ; -0.273357 
635 ;0.000000 ; 0.497000 ; -0.269922 
638 ;0.000000 ; 0.498885 ; -0.265669 
641 ;0.000000 ; 0.502027 ; -0.267731 
644 ;0.000000 ; 0.503283 ; -0.267182 
647 ;0.000000 ; 0.503283 ; -0.267829 
650 ;0.000000 ; 0.503283 ; -0.267858 
653 ;0.000000 ; 0.503283 ; -0.268245 
656 ;0.000000 ; 0.503283 ; -0.268465 
659 ;0.000000 ; 0.503283 ; -0.268803 
662 ;0.000000 ; 0.503283 ; -0.269106 
665 ;0.000000 ; 0.503283 ; -0.269456 
668 ;0.000000 ; 0.503283 ; -0.269810 
671 ;0.000000 ; 0.503283 ; -0.264977 
674 ;0.000000 ; 0.503283 ; -0.267649 
677 ;0.000000 ; 0.503283 ; -0.267080 
680 ;0.000000 ; 0.503283 ; -0.268055 
683 ;0.000000 ; 0.504540 ; -0.268232 
686 ;0.000000 ; 0.506111 ; -0.268873 
689 ;0.000000 ; 0.506111 ; -0.269299 
692 ;0.000000 ; 0.506111 ; -0.269876 
695 ;0.000000 ; 0.506111 ; -0.270408 
698 ;0.000000 ; 0.506111 ; -0.266656 
701 ;0.000000 ; 0.506111 ; -0.268424 
704 ;0.000000 ; 0.506111 ; -0.267559 
707 ;0.000000 ; 0.506111 ; -0.268784 
710 ;0.000000 ; 0.507682 ; -0.269157 
713 ;0.000000 ; 0.509566 ; -0.270028 
716 ;0.000000 ; 0.509881 ; -0.270672 
719 ;0.000000 ; 0.509566 ; -0.271479 
722 ;0.000000 ; 0.509881 ; -0.267023 
725 ;0.000000 ; 0.509881 ; -0.270127 
728 ;0.000000 ; 0.509881 ; -0.269969 
731 ;0.000000 ; 0.509881 ; -0.271377 
734 ;0.000000 ; 0.511451 ; -0.271985 
735 ;0.000000 ; 0.512708 ; -0.271949 
740 ;0.000000 ; 0.512708 ; -0.274239 
743 ;0.000000 ; 0.512708 ; -0.271328 
746 ;0.000000 ; 0.512708 ; -0.272636 
749 ;0.000000 ; 0.513965 ; -0.273287 
752 ;0.000000 ; 0.515850 ; -0.271095 
755 ;0.000000 ; 0.516164 ; -0.273021 
758 ;0.000000 ; 0.516164 ; -0.273712 
761 ;0.000000 ; 0.516164 ; -0.271637 
764 ;0.000000 ; 0.515850 ; -0.272772 
767 ;0.000000 ; 0.517420 ; -0.273796 
770 ;0.000000 ; 0.519305 ; -0.275161 
773 ;0.000000 ; 0.518991 ; -0.271175 
776 ;0.000000 ; 0.520562 ; -0.274801 
777 ;0.000000 ; 0.522133 ; -0.273511 
780 ;0.000000 ; 0.522447 ; -0.275837 
783 ;0.000000 ; 0.522447 ; -0.272348 
786 ;0.000000 ; 0.522447 ; -0.275214 
789 ;0.000000 ; 0.522447 ; -0.275876 
792 ;0.000000 ; 0.524018 ; -0.277773 
795 ;0.000000 ; 0.525589 ; -0.274708 
798 ;0.000000 ; 0.525274 ; -0.277540 
801 ;0.000000 ; 0.526531 ; -0.273199 
804 ;0.000000 ; 0.528416 ; -0.277452 
807 ;0.000000 ; 0.528416 ; -0.277021 
810 ;0.000000 ; 0.530301 ; -0.279564 
813 ;0.000000 ; 0.531872 ; -0.276442 
816 ;0.000000 ; 0.531558 ; -0.279595 
819 ;0.000000 ; 0.532814 ; -0.276242 
822 ;0.000000 ; 0.534699 ; -0.279616 
825 ;0.000000 ; 0.535013 ; -0.277107 
828 ;0.000000 ; 0.535013 ; -0.279487 
831 ;0.000000 ; 0.536584 ; -0.281720 
834 ;0.000000 ; 0.538469 ; -0.279332 
837 ;0.000000 ; 0.539412 ; -0.282422 
840 ;0.000000 ; 0.540668 ; -0.278565 
843 ;0.000000 ; 0.543182 ; -0.283174 
846 ;0.000000 ; 0.542867 ; -0.279692 
849 ;0.000000 ; 0.544124 ; -0.283555 
852 ;0.000000 ; 0.545695 ; -0.279462 
855 ;0.000000 ; 0.547266 ; -0.284380 
858 ;0.000000 ; 0.549465 ; -0.280912 
861 ;0.000000 ; 0.549465 ; -0.284945 
864 ;0.000000 ; 0.550721 ; -0.280935 
867 ;0.000000 ; 0.551978 ; -0.285112 
870 ;0.000000 ; 0.553549 ; -0.281112 
873 ;0.000000 ; 0.555434 ; -0.286236 
876 ;0.000000 ; 0.557005 ; -0.283781 
879 ;0.000000 ; 0.556690 ; -0.286883 
882 ;0.000000 ; 0.558575 ; -0.285126 
885 ;0.000000 ; 0.560460 ; -0.288801 
888 ;0.000000 ; 0.562031 ; -0.285312 
891 ;0.000000 ; 0.563288 ; -0.290398 
894 ;0.000000 ; 0.565173 ; -0.288196 
897 ;0.000000 ; 0.566743 ; -0.291391 
900 ;0.000000 ; 0.568314 ; -0.288941 
903 ;0.000000 ; 0.569571 ; -0.292977 
906 ;0.000000 ; 0.570828 ; -0.288639 
909 ;0.000000 ; 0.573655 ; -0.294162 
912 ;0.000000 ; 0.574597 ; -0.291930 
915 ;0.000000 ; 0.576168 ; -0.291869 
918 ;0.000000 ; 0.577111 ; -0.293911 
921 ;0.000000 ; 0.579310 ; -0.292310 
924 ;0.000000 ; 0.582137 ; -0.296110 
927 ;0.000000 ; 0.583394 ; -0.294725 
930 ;0.000000 ; 0.586221 ; -0.295222 
933 ;0.000000 ; 0.587478 ; -0.292993 
936 ;0.000000 ; 0.588420 ; -0.297005 
937 ;0.000000 ; 0.590305 ; -0.290526 
940 ;0.000000 ; 0.591876 ; -0.295958 
943 ;0.000000 ; 0.593447 ; -0.297297 
946 ;0.000000 ; 0.595332 ; -0.297385 
949 ;0.000000 ; 0.595960 ; -0.295497 
952 ;0.000000 ; 0.598788 ; -0.299440 
955 ;0.000000 ; 0.600987 ; -0.296450 
958 ;0.000000 ; 0.602243 ; -0.301895 
961 ;0.000000 ; 0.605385 ; -0.300105 
964 ;0.000000 ; 0.606328 ; -0.300190 
967 ;0.000000 ; 0.607898 ; -0.303392 
970 ;0.000000 ; 0.609155 ; -0.301754 
973 ;0.000000 ; 0.611354 ; -0.300697 
976 ;0.000000 ; 0.615124 ; -0.304321 
979 ;0.000000 ; 0.617009 ; -0.303363 
982 ;0.000000 ; 0.619522 ; -0.302207 
985 ;0.000000 ; 0.620465 ; -0.305915 
988 ;0.000000 ; 0.622036 ; -0.303198 
991 ;0.000000 ; 0.625177 ; -0.308632 
994 ;0.000000 ; 0.628633 ; -0.306103 
997 ;0.000000 ; 0.629575 ; -0.307332 
1000 ;0.000000 ; 0.632089 ; -0.305906 
1003 ;0.000000 ; 0.634288 ; -0.310024 
1006 ;0.000000 ; 0.636487 ; -0.307113 
1009 ;0.000000 ; 0.638372 ; -0.312666 
1012 ;0.000000 ; 0.640257 ; -0.310083 
1015 ;0.000000 ; 0.643398 ; -0.310476 
1018 ;0.000000 ; 0.646226 ; -0.308392 
1019 ;0.000000 ; 0.647168 ; -0.309068 
1022 ;0.000000 ; 0.649053 ; -0.312256 
1025 ;0.000000 ; 0.651252 ; -0.310696 
1028 ;0.000000 ; 0.652195 ; -0.313994 
1031 ;0.000000 ; 0.654394 ; -0.312994 
1034 ;0.000000 ; 0.657221 ; -0.312729 
1037 ;0.000000 ; 0.659420 ; -0.311824 
1040 ;0.000000 ; 0.661934 ; -0.315597 
1043 ;0.000000 ; 0.664447 ; -0.314530 
1046 ;0.000000 ; 0.665389 ; -0.314251 
1049 ;0.000000 ; 0.668845 ; -0.316776 
1052 ;0.000000 ; 0.671359 ; -0.315233 
1055 ;0.000000 ; 0.674186 ; -0.319272 
1058 ;0.000000 ; 0.677013 ; -0.315372 
1061 ;0.000000 ; 0.679527 ; -0.321042 
1064 ;0.000000 ; 0.681097 ; -0.318193 
1067 ;0.000000 ; 0.682982 ; -0.319375 
1070 ;0.000000 ; 0.685496 ; -0.317728 
1073 ;0.000000 ; 0.688637 ; -0.321691 
1076 ;0.000000 ; 0.692407 ; -0.320298 
1079 ;0.000000 ; 0.694920 ; -0.319958 
1082 ;0.000000 ; 0.696805 ; -0.322267 
1085 ;0.000000 ; 0.698062 ; -0.319707 
1088 ;0.000000 ; 0.701518 ; -0.324655 
1091 ;0.000000 ; 0.703403 ; -0.321078 
1094 ;0.000000 ; 0.708429 ; -0.326507 
1097 ;0.000000 ; 0.709372 ; -0.323474 
1100 ;0.000000 ; 0.713142 ; -0.322688 
1103 ;0.000000 ; 0.714713 ; -0.325637 
1106 ;0.000000 ; 0.716912 ; -0.322726 
1109 ;0.000000 ; 0.719739 ; -0.327610 
1110 ;0.000000 ; 0.723823 ; -0.322551 
1113 ;0.000000 ; 0.724137 ; -0.326468 
1116 ;0.000000 ; 0.726336 ; -0.324417 
1119 ;0.000000 ; 0.728221 ; -0.328312 
1122 ;0.000000 ; 0.730735 ; -0.324684 
1125 ;0.000000 ; 0.734190 ; -0.329741 
1128 ;0.000000 ; 0.737646 ; -0.326497 
1131 ;0.000000 ; 0.739845 ; -0.330618 
1134 ;0.000000 ; 0.741730 ; -0.326678 
1137 ;0.000000 ; 0.744872 ; -0.330842 
1140 ;0.000000 ; 0.747071 ; -0.326782 
1143 ;0.000000 ; 0.751155 ; -0.331777 
1146 ;0.000000 ; 0.752412 ; -0.328265 
1149 ;0.000000 ; 0.755239 ; -0.332223 
1152 ;0.000000 ; 0.757438 ; -0.328060 
1155 ;0.000000 ; 0.760266 ; -0.332024 
1158 ;0.000000 ; 0.763721 ; -0.328611 
1161 ;0.000000 ; 0.767805 ; -0.333157 
1162 ;0.000000 ; 0.770005 ; -0.328101 
1165 ;0.000000 ; 0.771575 ; -0.331335 
1168 ;0.000000 ; 0.772204 ; -0.332249 
1171 ;0.000000 ; 0.775031 ; -0.334584 
1174 ;0.000000 ; 0.778173 ; -0.332614 
1177 ;0.000000 ; 0.779743 ; -0.334573 
1180 ;0.000000 ; 0.783199 ; -0.331576 
1183 ;0.000000 ; 0.785398 ; -0.334592 
1186 ;0.000000 ; 0.789168 ; -0.335472 
1189 ;0.000000 ; 0.791053 ; -0.331351 
1192 ;0.000000 ; 0.795451 ; -0.336040 
1195 ;0.000000 ; 0.796394 ; -0.331935 
1198 ;0.000000 ; 0.799536 ; -0.335204 
1201 ;0.000000 ; 0.801735 ; -0.334730 
1204 ;0.000000 ; 0.804562 ; -0.336834 
1207 ;0.000000 ; 0.807389 ; -0.332498 
1210 ;0.000000 ; 0.811788 ; -0.336234 
1213 ;0.000000 ; 0.814301 ; -0.336316 
1216 ;0.000000 ; 0.816186 ; -0.338055 
1219 ;0.000000 ; 0.819013 ; -0.334480 
1222 ;0.000000 ; 0.821527 ; -0.336865 
1225 ;0.000000 ; 0.826553 ; -0.337130 
1228 ;0.000000 ; 0.827810 ; -0.338457 
1231 ;0.000000 ; 0.830637 ; -0.335654 
1234 ;0.000000 ; 0.832836 ; -0.336667 
1237 ;0.000000 ; 0.835664 ; -0.337113 
1240 ;0.000000 ; 0.839120 ; -0.338014 
1243 ;0.000000 ; 0.842889 ; -0.338586 
1246 ;0.000000 ; 0.845403 ; -0.339251 
1249 ;0.000000 ; 0.847288 ; -0.336302 
1252 ;0.000000 ; 0.848544 ; -0.337755 
1255 ;0.000000 ; 0.852000 ; -0.337686 
1258 ;0.000000 ; 0.853885 ; -0.338348 
1259 ;0.000000 ; 0.858597 ; -0.338120 
1262 ;0.000000 ; 0.858283 ; -0.338650 
1265 ;0.000000 ; 0.861111 ; -0.338811 
1268 ;0.000000 ; 0.863938 ; -0.339081 
1271 ;0.000000 ; 0.866766 ; -0.339201 
1274 ;0.000000 ; 0.869593 ; -0.339310 
1277 ;0.000000 ; 0.873991 ; -0.339332 
1280 ;0.000000 ; 0.876190 ; -0.339309 
1283 ;0.000000 ; 0.878075 ; -0.339216 
1286 ;0.000000 ; 0.879018 ; -0.339066 
1289 ;0.000000 ; 0.882474 ; -0.338852 
1292 ;0.000000 ; 0.886558 ; -0.338576 
1295 ;0.000000 ; 0.889071 ; -0.338238 
1298 ;0.000000 ; 0.891898 ; -0.337836 
1301 ;0.000000 ; 0.895040 ; -0.337371 
1304 ;0.000000 ; 0.897553 ; -0.336842 
1307 ;0.000000 ; 0.899752 ; -0.336249 
1310 ;0.000000 ; 0.902266 ; -0.335591 
1313 ;0.000000 ; 0.904465 ; -0.334869 
1316 ;0.000000 ; 0.907920 ; -0.334081 
1319 ;0.000000 ; 0.910120 ; -0.333228 
1322 ;0.000000 ; 0.913889 ; -0.332309 
1325 ;0.000000 ; 0.915774 ; -0.331323 
1326 ;0.000000 ; 0.919859 ; -0.331535 
1329 ;0.000000 ; 0.919859 ; -0.330157 
1332 ;0.000000 ; 0.921429 ; -0.329214 
1335 ;0.000000 ; 0.924257 ; -0.327934 
1338 ;0.000000 ; 0.926770 ; -0.326732 
1341 ;0.000000 ; 0.928027 ; -0.325384 
1344 ;0.000000 ; 0.931797 ; -0.324010 
1347 ;0.000000 ; 0.933996 ; -0.322546 
1350 ;0.000000 ; 0.937766 ; -0.321026 
1353 ;0.000000 ; 0.939651 ; -0.319430 
1356 ;0.000000 ; 0.941850 ; -0.317770 
1359 ;0.000000 ; 0.945934 ; -0.316039 
1362 ;0.000000 ; 0.947819 ; -0.314239 
1365 ;0.000000 ; 0.950646 ; -0.312370 
1368 ;0.000000 ; 0.952531 ; -0.310432 
1371 ;0.000000 ; 0.954416 ; -0.308424 
1374 ;0.000000 ; 0.957243 ; -0.315908 
1377 ;0.000000 ; 0.961328 ; -0.312922 
1380 ;0.000000 ; 0.963527 ; -0.311624 
1383 ;0.000000 ; 0.965726 ; -0.308842 
1386 ;0.000000 ; 0.966354 ; -0.306751 
1389 ;0.000000 ; 0.969496 ; -0.317216 
1392 ;0.000000 ; 0.972009 ; -0.312150 
1395 ;0.000000 ; 0.975779 ; -0.312068 
1398 ;0.000000 ; 0.977664 ; -0.308325 
1401 ;0.000000 ; 0.979549 ; -0.306211 
1404 ;0.000000 ; 0.982376 ; -0.303111 
1407 ;0.000000 ; 0.984889 ; -0.310862 
1410 ;0.000000 ; 0.989916 ; -0.306776 
1413 ;0.000000 ; 0.989916 ; -0.304880 
1416 ;0.000000 ; 0.992115 ; -0.301229 
1417 ;0.000000 ; 0.994943 ; -0.310890 
1420 ;0.000000 ; 0.996199 ; -0.308585 
1423 ;0.000000 ; 0.997142 ; -0.306106 
1426 ;0.000000 ; 1.000597 ; -0.302444 
1429 ;0.000000 ; 1.002482 ; -0.299310 
1432 ;0.000000 ; 1.004367 ; -0.305345 
1435 ;0.000000 ; 1.005624 ; -0.303690 
1438 ;0.000000 ; 1.008766 ; -0.300320 
1441 ;0.000000 ; 1.012850 ; -0.296598 
1444 ;0.000000 ; 1.013478 ; -0.299909 
1447 ;0.000000 ; 1.015677 ; -0.300327 
1450 ;0.000000 ; 1.018190 ; -0.295011 
1453 ;0.000000 ; 1.021018 ; -0.302971 
1456 ;0.000000 ; 1.022589 ; -0.298258 
1459 ;0.000000 ; 1.026044 ; -0.295318 
1462 ;0.000000 ; 1.027301 ; -0.290616 
1465 ;0.000000 ; 1.029500 ; -0.294579 
1468 ;0.000000 ; 1.032013 ; -0.294136 
1471 ;0.000000 ; 1.033898 ; -0.288542 
1474 ;0.000000 ; 1.034527 ; -0.295044 
1477 ;0.000000 ; 1.038925 ; -0.290144 
1480 ;0.000000 ; 1.039553 ; -0.286569 
1483 ;0.000000 ; 1.042381 ; -0.290166 
1486 ;0.000000 ; 1.044580 ; -0.288661 
1489 ;0.000000 ; 1.046465 ; -0.283651 
1492 ;0.000000 ; 1.048350 ; -0.287713 
1495 ;0.000000 ; 1.050863 ; -0.283910 
1498 ;0.000000 ; 1.052748 ; -0.280234 
1501 ;0.000000 ; 1.054319 ; -0.281770 
1504 ;0.000000 ; 1.056832 ; -0.281167 
1507 ;0.000000 ; 1.059345 ; -0.287466 
1510 ;0.000000 ; 1.062173 ; -0.280289 
1513 ;0.000000 ; 1.064058 ; -0.276361 
1516 ;0.000000 ; 1.065000 ; -0.277303 
1519 ;0.000000 ; 1.066571 ; -0.286086 
1522 ;0.000000 ; 1.068456 ; -0.280722 
1525 ;0.000000 ; 1.070027 ; -0.276131 
1526 ;0.000000 ; 1.071912 ; -0.276815 
1529 ;0.000000 ; 1.074111 ; -0.269725 
1532 ;0.000000 ; 1.076310 ; -0.273629 
1535 ;0.000000 ; 1.077567 ; -0.269512 
1538 ;0.000000 ; 1.078195 ; -0.273668 
1541 ;0.000000 ; 1.081965 ; -0.266857 
1544 ;0.000000 ; 1.082279 ; -0.272446 
1547 ;0.000000 ; 1.083850 ; -0.267521 
1550 ;0.000000 ; 1.086677 ; -0.262186 
1553 ;0.000000 ; 1.089190 ; -0.265375 
1556 ;0.000000 ; 1.090133 ; -0.260370 
1559 ;0.000000 ; 1.091704 ; -0.265878 
1562 ;0.000000 ; 1.093903 ; -0.258183 
1565 ;0.000000 ; 1.095159 ; -0.262760 
1568 ;0.000000 ; 1.096416 ; -0.257533 
1571 ;0.000000 ; 1.097673 ; -0.260447 
1574 ;0.000000 ; 1.099872 ; -0.254846 
1577 ;0.000000 ; 1.101757 ; -0.258430 
1580 ;0.000000 ; 1.103013 ; -0.252538 
1583 ;0.000000 ; 1.104270 ; -0.255250 
1586 ;0.000000 ; 1.106155 ; -0.252044 
1589 ;0.000000 ; 1.108354 ; -0.252980 
1592 ;0.000000 ; 1.110239 ; -0.246865 
1595 ;0.000000 ; 1.112438 ; -0.252628 
1598 ;0.000000 ; 1.114323 ; -0.244930 
1601 ;0.000000 ; 1.115266 ; -0.247050 
1604 ;0.000000 ; 1.116208 ; -0.241736 
1607 ;0.000000 ; 1.118407 ; -0.245501 
1610 ;0.000000 ; 1.120292 ; -0.238989 
1613 ;0.000000 ; 1.121549 ; -0.243025 
1616 ;0.000000 ; 1.122805 ; -0.235363 
1617 ;0.000000 ; 1.124690 ; -0.247435 
1620 ;0.000000 ; 1.126575 ; -0.237458 
1623 ;0.000000 ; 1.126261 ; -0.244660 
1626 ;0.000000 ; 1.127832 ; -0.233823 
1629 ;0.000000 ; 1.128774 ; -0.238285 
1632 ;0.000000 ; 1.130659 ; -0.231572 
1635 ;0.000000 ; 1.132544 ; -0.233756 
1638 ;0.000000 ; 1.132544 ; -0.227911 
1641 ;0.000000 ; 1.133487 ; -0.232113 
1644 ;0.000000 ; 1.135686 ; -0.223159 
1647 ;0.000000 ; 1.137257 ; -0.229958 
1650 ;0.000000 ; 1.138828 ; -0.218222 
1653 ;0.000000 ; 1.139142 ; -0.224206 
1656 ;0.000000 ; 1.140084 ; -0.227108 
1659 ;0.000000 ; 1.141969 ; -0.217778 
1662 ;0.000000 ; 1.143226 ; -0.221440 
1665 ;0.000000 ; 1.145425 ; -0.213039 
1668 ;0.000000 ; 1.146367 ; -0.217675 
1671 ;0.000000 ; 1.146367 ; -0.208889 
1674 ;0.000000 ; 1.147624 ; -0.213640 
1677 ;0.000000 ; 1.150137 ; -0.210786 
1680 ;0.000000 ; 1.151708 ; -0.211282 
1683 ;0.000000 ; 1.151394 ; -0.216017 
1686 ;0.000000 ; 1.152650 ; -0.209637 
1689 ;0.000000 ; 1.153907 ; -0.202053 
1692 ;0.000000 ; 1.155478 ; -0.207817 
1695 ;0.000000 ; 1.157677 ; -0.196191 
1696 ;0.000000 ; 1.157677 ; -0.213757 
1699 ;0.000000 ; 1.157677 ; -0.202687 
1702 ;0.000000 ; 1.157677 ; -0.206176 
1705 ;0.000000 ; 1.158620 ; -0.196878 
1708 ;0.000000 ; 1.160504 ; -0.201492 
1711 ;0.000000 ; 1.162075 ; -0.191360 
1714 ;0.000000 ; 1.162075 ; -0.197870 
1717 ;0.000000 ; 1.163960 ; -0.186261 
1720 ;0.000000 ; 1.165531 ; -0.190671 
1723 ;0.000000 ; 1.165217 ; -0.191613 
1726 ;0.000000 ; 1.166788 ; -0.190753 
1729 ;0.000000 ; 1.168358 ; -0.186196 
1732 ;0.000000 ; 1.168358 ; -0.186152 
1735 ;0.000000 ; 1.168358 ; -0.191549 
1738 ;0.000000 ; 1.169929 ; -0.183702 
1741 ;0.000000 ; 1.171500 ; -0.186649 
1744 ;0.000000 ; 1.171500 ; -0.175211 
1747 ;0.000000 ; 1.172757 ; -0.182605 
1750 ;0.000000 ; 1.174327 ; -0.170553 
1753 ;0.000000 ; 1.174642 ; -0.177621 
1756 ;0.000000 ; 1.174642 ; -0.169838 
1759 ;0.000000 ; 1.176527 ; -0.174022 
1762 ;0.000000 ; 1.177783 ; -0.170785 
1765 ;0.000000 ; 1.177783 ; -0.169970 
1768 ;0.000000 ; 1.177783 ; -0.167614 
1771 ;0.000000 ; 1.177783 ; -0.169561 
1774 ;0.000000 ; 1.178726 ; -0.163173 
1777 ;0.000000 ; 1.180611 ; -0.165487 
1780 ;0.000000 ; 1.182496 ; -0.156064 
1783 ;0.000000 ; 1.182810 ; -0.161927 
1786 ;0.000000 ; 1.183124 ; -0.160862 
1789 ;0.000000 ; 1.182810 ; -0.155245 
1792 ;0.000000 ; 1.182810 ; -0.156065 
1795 ;0.000000 ; 1.184066 ; -0.154198 
1798 ;0.000000 ; 1.185323 ; -0.153553 
1801 ;0.000000 ; 1.185323 ; -0.159212 
1804 ;0.000000 ; 1.185323 ; -0.150326 
1807 ;0.000000 ; 1.187208 ; -0.155337 
1810 ;0.000000 ; 1.189093 ; -0.143286 
1813 ;0.000000 ; 1.189093 ; -0.151944 
1816 ;0.000000 ; 1.189407 ; -0.139534 
1819 ;0.000000 ; 1.189093 ; -0.145176 
1822 ;0.000000 ; 1.189093 ; -0.133497 
1823 ;0.000000 ; 1.189093 ; -0.149528 
1826 ;0.000000 ; 1.189093 ; -0.139513 
1829 ;0.000000 ; 1.190350 ; -0.142496 
1832 ;0.000000 ; 1.191606 ; -0.134222 
1835 ;0.000000 ; 1.191606 ; -0.137586 
1838 ;0.000000 ; 1.191606 ; -0.128758 
1841 ;0.000000 ; 1.191606 ; -0.133980 
1844 ;0.000000 ; 1.193177 ; -0.125548 
1847 ;0.000000 ; 1.195690 ; -0.130851 
1850 ;0.000000 ; 1.195376 ; -0.128521 
1853 ;0.000000 ; 1.195376 ; -0.129631 
1856 ;0.000000 ; 1.195376 ; -0.121970 
1859 ;0.000000 ; 1.195376 ; -0.125890 
1862 ;0.000000 ; 1.195376 ; -0.115517 
1865 ;0.000000 ; 1.195376 ; -0.123979 
1868 ;0.000000 ; 1.196633 ; -0.113913 
1871 ;0.000000 ; 1.197889 ; -0.118412 
1874 ;0.000000 ; 1.197889 ; -0.118951 
1877 ;0.000000 ; 1.197889 ; -0.113438 
1880 ;0.000000 ; 1.197889 ; -0.114976 
1883 ;0.000000 ; 1.197889 ; -0.115267 
1886 ;0.000000 ; 1.197889 ; -0.109556 
1889 ;0.000000 ; 1.199460 ; -0.114812 
1892 ;0.000000 ; 1.201345 ; -0.105485 
1893 ;0.000000 ; 1.201659 ; -0.119785 
1896 ;0.000000 ; 1.201659 ; -0.108523 
1899 ;0.000000 ; 1.201659 ; -0.103644 
1902 ;0.000000 ; 1.201659 ; -0.103371 
1905 ;0.000000 ; 1.201659 ; -0.109089 
1908 ;0.000000 ; 1.201659 ; -0.100233 
1911 ;0.000000 ; 1.201659 ; -0.103592 
1914 ;0.000000 ; 1.201659 ; -0.096450 
1917 ;0.000000 ; 1.201659 ; -0.099466 
1920 ;0.000000 ; 1.201659 ; -0.091751 
1923 ;0.000000 ; 1.201659 ; -0.097562 
1926 ;0.000000 ; 1.201659 ; -0.089158 
1929 ;0.000000 ; 1.201659 ; -0.094587 
1932 ;0.000000 ; 1.202916 ; -0.084538 
1935 ;0.000000 ; 1.203858 ; -0.092245 
1938 ;0.000000 ; 1.203858 ; -0.086773 
1941 ;0.000000 ; 1.203858 ; -0.090935 
1944 ;0.000000 ; 1.203858 ; -0.082451 
1947 ;0.000000 ; 1.203858 ; -0.086326 
1950 ;0.000000 ; 1.203858 ; -0.086583 
1951 ;0.000000 ; 1.203858 ; -0.090468 
1954 ;0.000000 ; 1.203858 ; -0.082714 
1957 ;0.000000 ; 1.203858 ; -0.083784 
1960 ;0.000000 ; 1.203858 ; -0.078968 
1963 ;0.000000 ; 1.203858 ; -0.081899 
1966 ;0.000000 ; 1.203858 ; -0.076048 
1969 ;0.000000 ; 1.205429 ; -0.082918 
1972 ;0.000000 ; 1.207628 ; -0.073413 
1975 ;0.000000 ; 1.207628 ; -0.079083 
1978 ;0.000000 ; 1.207628 ; -0.071402 
1981 ;0.000000 ; 1.207628 ; -0.075833 
1984 ;0.000000 ; 1.207628 ; -0.069599 
1987 ;0.000000 ; 1.207628 ; -0.076236 
1990 ;0.000000 ; 1.207628 ; -0.067058 
1993 ;0.000000 ; 1.207628 ; -0.071251 
1996 ;0.000000 ; 1.207628 ; -0.066078 
1999 ;0.000000 ; 1.207628 ; -0.069200 
2002 ;0.000000 ; 1.207628 ; -0.064755 
2005 ;0.000000 ; 1.207628 ; -0.071115 
2008 ;0.000000 ; 1.207628 ; -0.063408 
2011 ;0.000000 ; 1.207628 ; -0.059678 
2014 ;0.000000 ; 1.207628 ; -0.061473 
2017 ;0.000000 ; 1.207628 ; -0.056394 
2020 ;0.000000 ; 1.207628 ; -0.062148 
2023 ;0.000000 ; 1.207628 ; -0.054926 
2026 ;0.000000 ; 1.207628 ; -0.060023 
2029 ;0.000000 ; 1.207628 ; -0.054584 
2032 ;0.000000 ; 1.207628 ; -0.059348 
2035 ;0.000000 ; 1.207628 ; -0.054252 
2038 ;0.000000 ; 1.207628 ; -0.050301 
2041 ;0.000000 ; 1.207628 ; -0.056413 
2044 ;0.000000 ; 1.207628 ; -0.049798 
2047 ;0.000000 ; 1.207628 ; -0.051659 
2050 ;0.000000 ; 1.207628 ; -0.048468 
2053 ;0.000000 ; 1.207628 ; -0.054564 
2056 ;0.000000 ; 1.207628 ; -0.048922 
2059 ;0.000000 ; 1.207628 ; -0.045610 
2062 ;0.000000 ; 1.207628 ; -0.046742 
2063 ;0.000000 ; 1.207628 ; -0.049822 
2066 ;0.000000 ; 1.207628 ; -0.045608 
2069 ;0.000000 ; 1.207628 ; -0.040907 
2072 ;0.000000 ; 1.207628 ; -0.048019 
2075 ;0.000000 ; 1.207628 ; -0.040828 
2078 ;0.000000 ; 1.207628 ; -0.045337 
2081 ;0.000000 ; 1.207628 ; -0.041156 
2084 ;0.000000 ; 1.207628 ; -0.038831 
2087 ;0.000000 ; 1.207628 ; -0.044682 
2090 ;0.000000 ; 1.207628 ; -0.040099 
2093 ;0.000000 ; 1.207628 ; -0.035402 
2096 ;0.000000 ; 1.207628 ; -0.037737 
2099 ;0.000000 ; 1.207628 ; -0.036739 
2102 ;0.000000 ; 1.207628 ; -0.033676 
2105 ;0.000000 ; 1.207628 ; -0.039565 
2108 ;0.000000 ; 1.207628 ; -0.032626 
2111 ;0.000000 ; 1.207628 ; -0.032481 
2114 ;0.000000 ; 1.207628 ; -0.025990 
2117 ;0.000000 ; 1.207628 ; -0.032492 
2120 ;0.000000 ; 1.207628 ; -0.027937 
2123 ;0.000000 ; 1.207628 ; -0.038845 
2126 ;0.000000 ; 1.207628 ; -0.029778 
2129 ;0.000000 ; 1.207628 ; -0.030185 
2132 ;0.000000 ; 1.207628 ; -0.024536 
2135 ;0.000000 ; 1.207628 ; -0.029585 
2138 ;0.000000 ; 1.207628 ; -0.024979 
2139 ;0.000000 ; 1.207628 ; -0.040623 
2142 ;0.000000 ; 1.207628 ; -0.032372 
2145 ;0.000000 ; 1.207628 ; -0.033225 
2148 ;0.000000 ; 1.207628 ; -0.026887 
2151 ;0.000000 ; 1.207628 ; -0.024670 
2154 ;0.000000 ; 1.207628 ; -0.020550 
2157 ;0.000000 ; 1.207628 ; -0.029706 
2160 ;0.000000 ; 1.207628 ; -0.023768 
2163 ;0.000000 ; 1.207628 ; -0.023003 
2166 ;0.000000 ; 1.207628 ; -0.017794 
2169 ;0.000000 ; 1.207628 ; -0.023284 
2172 ;0.000000 ; 1.207628 ; -0.020216 
2175 ;0.000000 ; 1.207628 ; -0.020435 
2178 ;0.000000 ; 1.207628 ; -0.015489 
2181 ;0.000000 ; 1.207628 ; -0.021160 
2184 ;0.000000 ; 1.207628 ; -0.020055 
2187 ;0.000000 ; 1.207628 ; -0.019136 
2190 ;0.000000 ; 1.207628 ; -0.015755 
2193 ;0.000000 ; 1.207628 ; -0.019395 
2196 ;0.000000 ; 1.207628 ; -0.018360 
2199 ;0.000000 ; 1.207628 ; -0.019221 
2202 ;0.000000 ; 1.207628 ; -0.015662 
2205 ;0.000000 ; 1.207628 ; -0.012756 
2208 ;0.000000 ; 1.207628 ; -0.022377 
2211 ;0.000000 ; 1.207628 ; -0.015796 
2214 ;0.000000 ; 1.207628 ; -0.017986 
2217 ;0.000000 ; 1.207628 ; -0.013856 
2220 ;0.000000 ; 1.207628 ; -0.011635 
2223 ;0.000000 ; 1.207628 ; -0.009094 
2226 ;0.000000 ; 1.207628 ; -0.015723 
2229 ;0.000000 ; 1.207628 ; -0.016350 
2232 ;0.000000 ; 1.207628 ; -0.014998 
2235 ;0.000000 ; 1.207628 ; -0.011878 
2236 ;0.000000 ; 1.207628 ; -0.012647 
2239 ;0.000000 ; 1.207628 ; -0.009769 
2242 ;0.000000 ; 1.207628 ; -0.008247 
2245 ;0.000000 ; 1.207628 ; -0.012149 
2248 ;0.000000 ; 1.207628 ; -0.013098 
2251 ;0.000000 ; 1.207628 ; -0.013499 
2254 ;0.000000 ; 1.207628 ; -0.010321 
2257 ;0.000000 ; 1.207628 ; -0.009071 
2260 ;0.000000 ; 1.207628 ; -0.007083 
2263 ;0.000000 ; 1.207628 ; -0.005559 
2266 ;0.000000 ; 1.207628 ; -0.010803 
2269 ;0.000000 ; 1.207628 ; -0.012598 
2272 ;0.000000 ; 1.207628 ; -0.012372 
2275 ;0.000000 ; 1.207628 ; -0.009757 
2278 ;0.000000 ; 1.207628 ; -0.009526 
2281 ;0.000000 ; 1.207628 ; -0.007672 
2284 ;0.000000 ; 1.207628 ; -0.006520 
2287 ;0.000000 ; 1.207628 ; -0.005051 
2290 ;0.000000 ; 1.207628 ; -0.003812 
2293 ;0.000000 ; 1.207628 ; -0.008592 
2296 ;0.000000 ; 1.207628 ; -0.010088 
2299 ;0.000000 ; 1.207628 ; -0.010335 
2302 ;0.000000 ; 1.207628 ; -0.010611 
2305 ;0.000000 ; 1.207628 ; -0.008321 
2308 ;0.000000 ; 1.207628 ; -0.007634 
2311 ;0.000000 ; 1.207628 ; -0.006372 
2314 ;0.000000 ; 1.207628 ; -0.005474 
2317 ;0.000000 ; 1.207628 ; -0.004433 
2318 ;0.000000 ; 1.207628 ; -0.004673 
2323 ;0.000000 ; 1.207628 ; -0.002280 
2324 ;0.000000 ; 1.207628 ; -0.002960 
2327 ;0.000000 ; 1.207628 ; -0.001522 
2330 ;0.000000 ; 1.207628 ; -0.007059 
2333 ;0.000000 ; 1.207943 ; -0.008786 
2336 ;0.000000 ; 1.207628 ; -0.010407 
2339 ;0.000000 ; 1.207628 ; -0.009058 
2342 ;0.000000 ; 1.207628 ; -0.007783 
2345 ;0.000000 ; 1.207628 ; -0.007150 
2348 ;0.000000 ; 1.207628 ; -0.006450 
2351 ;0.000000 ; 1.207628 ; -0.005829 
2354 ;0.000000 ; 1.207628 ; -0.005209 
2357 ;0.000000 ; 1.207628 ; -0.004630 
2360 ;0.000000 ; 1.207628 ; -0.004070 
2363 ;0.000000 ; 1.207628 ; -0.003541 
2366 ;0.000000 ; 1.207628 ; -0.003034 
2369 ;0.000000 ; 1.207628 ; -0.002553 
2372 ;0.000000 ; 1.207628 ; -0.002095 
2375 ;0.000000 ; 1.207628 ; -0.001662 
2378 ;0.000000 ; 1.207628 ; -0.001251 
2381 ;0.000000 ; 1.207314 ; -0.000863 
2384 ;0.000000 ; 1.207628 ; -0.000496 
2387 ;0.000000 ; 1.207628 ; -0.000150 
2390 ;0.000000 ; 1.207628 ; 0.000175 
2393 ;0.000000 ; 1.207628 ; 0.000480 
2396 ;0.000000 ; 1.207628 ; 0.000765 
2399 ;0.000000 ; 1.207628 ; -0.006790 
2402 ;0.000000 ; 1.207943 ; -0.008778 
2405 ;0.000000 ; 1.207628 ; -0.010249 
2408 ;0.000000 ; 1.207628 ; -0.003501 
2411 ;0.000000 ; 1.207628 ; -0.007791 
2412 ;0.000000 ; 1.207628 ; -0.005248 
2415 ;0.000000 ; 1.207628 ; -0.006159 
2418 ;0.000000 ; 1.207628 ; -0.005402 
2421 ;0.000000 ; 1.207628 ; -0.005566 
2424 ;0.000000 ; 1.207628 ; -0.005255 
2427 ;0.000000 ; 1.207628 ; -0.005220 
2430 ;0.000000 ; 1.207628 ; -0.005056 
2433 ;0.000000 ; 1.207628 ; -0.004980 
2436 ;0.000000 ; 1.207628 ; -0.004874 
2439 ;0.000000 ; 1.207628 ; -0.004800 
2442 ;0.000000 ; 1.207628 ; -0.004725 
2445 ;0.000000 ; 1.207628 ; -0.004665 
2448 ;0.000000 ; 1.207628 ; -0.004611 
2451 ;0.000000 ; 1.207628 ; -0.004566 
2454 ;0.000000 ; 1.207628 ; -0.004528 
2457 ;0.000000 ; 1.207628 ; -0.004496 
2458 ;0.000000 ; 1.207628 ; -0.004503 
2459 ;0.000000 ; 1.207628 ; -0.004499 
2460 ;0.000000 ; 1.207628 ; -0.004501 
2461 ;0.000000 ; 1.207628 ; -0.004500 
2462 ;0.000000 ; 1.207628 ; -0.004501 
2463 ;0.000000 ; 1.207628 ; -0.004500 
2464 ;0.000000 ; 1.207628 ; -0.004501 
2465 ;0.000000 ; 1.207628 ; -0.004500 
2466 ;0.000000 ; 1.207628 ; -0.004500 
2467 ;0.000000 ; 1.207628 ; -0.004500 
2468 ;0.000000 ; 1.207628 ; -0.004500 
2469 ;0.000000 ; 1.207628 ; -0.004500 
2470 ;0.000000 ; 1.207628 ; -0.004500 
2471 ;0.000000 ; 1.207628 ; -0.004500 
2472 ;0.000000 ; 1.207628 ; -0.004500 
2473 ;0.000000 ; 1.207628 ; -0.004500 
2474 ;0.000000 ; 1.207628 ; -0.004500 
2475 ;0.000000 ; 1.207628 ; -0.004500 
2476 ;0.000000 ; 1.207628 ; -0.004500 
2477 ;0.000000 ; 1.207628 ; -0.004500 
2478 ;0.000000 ; 1.207628 ; -0.004500 
2479 ;0.000000 ; 1.207628 ; -0.004500 
2480 ;0.000000 ; 1.207628 ; -0.004500 
2481 ;0.000000 ; 1.207628 ; -0.004500 
2482 ;0.000000 ; 1.207628 ; -0.004500 
2483 ;0.000000 ; 1.207628 ; -0.004500 
2484 ;0.000000 ; 1.207628 ; -0.004500 
2485 ;0.000000 ; 1.207628 ; -0.004500 
2486 ;0.000000 ; 1.207628 ; -0.004500 
2487 ;0.000000 ; 1.207628 ; -0.004500 
2488 ;0.000000 ; 1.207628 ; -0.004500 
2489 ;0.000000 ; 1.207628 ; -0.004500 
2490 ;0.000000 ; 1.207628 ; -0.004500 
2491 ;0.000000 ; 1.207628 ; -0.004500 
2492 ;0.000000 ; 1.207628 ; -0.004500 
2493 ;0.000000 ; 1.207628 ; -0.004500 
2494 ;0.000000 ; 1.207628 ; -0.004500 
2495 ;0.000000 ; 1.207628 ; -0.004500 
2496 ;0.000000 ; 1.207628 ; -0.004500 
2497 ;0.000000 ; 1.207628 ; -0.004500 
2498 ;0.000000 ; 1.207628 ; -0.004500 
2499 ;0.000000 ; 1.207628 ; -0.004500 
2500 ;0.000000 ; 1.207628 ; -0.004500 
2501 ;0.000000 ; 1.207628 ; -0.004500 
2502 ;0.000000 ; 1.207628 ; -0.004500 
2503 ;0.000000 ; 1.207628 ; -0.004500 
2504 ;0.000000 ; 1.207628 ; -0.004500 
2505 ;0.000000 ; 1.207628 ; -0.004500 
2506 ;0.000000 ; 1.207628 ; -0.004500 
2507 ;0.000000 ; 1.207628 ; -0.004500 
2508 ;0.000000 ; 1.207628 ; -0.004500 
2509 ;0.000000 ; 1.207628 ; -0.004500 
2510 ;0.000000 ; 1.207628 ; -0.004500 
2511 ;0.000000 ; 1.207628 ; -0.004500 
2512 ;0.000000 ; 1.207628 ; -0.004500 
2513 ;0.000000 ; 1.207628 ; -0.004500 
2514 ;0.000000 ; 1.207628 ; -0.004500 
2515 ;0.000000 ; 1.207628 ; -0.004500 
2516 ;0.000000 ; 1.207628 ; -0.004500 
2517 ;0.000000 ; 1.207628 ; -0.004500 
2518 ;0.000000 ; 1.207628 ; -0.004500 
2519 ;0.000000 ; 1.207628 ; -0.004500 
2520 ;0.000000 ; 1.207628 ; -0.004500 
2521 ;0.000000 ; 1.207628 ; -0.004500 
2522 ;0.000000 ; 1.207628 ; -0.004500 
2523 ;0.000000 ; 1.207628 ; -0.004500 
2524 ;0.000000 ; 1.207628 ; -0.004500 
2525 ;0.000000 ; 1.207628 ; -0.004500 
2526 ;0.000000 ; 1.207628 ; -0.004500 
2527 ;0.000000 ; 1.207628 ; -0.004500 
2528 ;0.000000 ; 1.207628 ; -0.004500 
2529 ;0.000000 ; 1.207628 ; -0.004500 
2530 ;0.000000 ; 1.207628 ; -0.004500 
2531 ;0.000000 ; 1.207628 ; -0.004500 
2532 ;0.000000 ; 1.207628 ; -0.004500 
2533 ;0.000000 ; 1.207628 ; -0.004500 
2534 ;0.000000 ; 1.207628 ; -0.004500 
2535 ;0.000000 ; 1.207628 ; -0.004500 
2536 ;0.000000 ; 1.207628 ; -0.004500 
2537 ;0.000000 ; 1.207628 ; -0.004500 
2538 ;0.000000 ; 1.207628 ; -0.004500 
2539 ;0.000000 ; 1.207628 ; -0.004500 
2540 ;0.000000 ; 1.207628 ; -0.004500 
2541 ;0.000000 ; 1.207628 ; -0.004500 
2542 ;0.000000 ; 1.207628 ; -0.004500 
2543 ;0.000000 ; 1.207628 ; -0.004500 
2544 ;0.000000 ; 1.207628 ; -0.004500 
2545 ;0.000000 ; 1.207628 ; -0.004500 
2546 ;0.000000 ; 1.207628 ; -0.004500 
2547 ;0.000000 ; 1.207628 ; -0.004500 
2548 ;0.000000 ; 1.207628 ; -0.004500 
2549 ;0.000000 ; 1.207628 ; -0.004500 
2550 ;0.000000 ; 1.207628 ; -0.004500 
2551 ;0.000000 ; 1.207628 ; -0.004500 
2552 ;0.000000 ; 1.207628 ; -0.004500 
2553 ;0.000000 ; 1.207628 ; -0.004500 
2554 ;0.000000 ; 1.207628 ; -0.004500 
2555 ;0.000000 ; 1.207628 ; -0.004500 
2556 ;0.000000 ; 1.207628 ; -0.004500 
2557 ;0.000000 ; 1.207628 ; -0.004500 
2558 ;0.000000 ; 1.207628 ; -0.004500 
2559 ;0.000000 ; 1.207628 ; -0.004500 
2560 ;0.000000 ; 1.207628 ; -0.004500 
2561 ;0.000000 ; 1.207628 ; -0.004500 
2562 ;0.000000 ; 1.207628 ; -0.004500 
2563 ;0.000000 ; 1.207628 ; -0.004500 
2564 ;0.000000 ; 1.207628 ; -0.004500 
2565 ;0.000000 ; 1.207628 ; -0.004500 
2566 ;0.000000 ; 1.207628 ; -0.004500 
2567 ;0.000000 ; 1.207628 ; -0.004500 
2568 ;0.000000 ; 1.207628 ; -0.004500 
2569 ;0.000000 ; 1.207628 ; -0.004500 
2570 ;0.000000 ; 1.207628 ; -0.004500 
2571 ;0.000000 ; 1.207628 ; -0.004500 
2572 ;0.000000 ; 1.207628 ; -0.004500 
2573 ;0.000000 ; 1.207628 ; -0.004500 
2574 ;0.000000 ; 1.207628 ; -0.004500 
2575 ;0.000000 ; 1.207628 ; -0.004500 
2576 ;0.000000 ; 1.207628 ; -0.004500 
2577 ;0.000000 ; 1.207628 ; -0.004500 
2578 ;0.000000 ; 1.207628 ; -0.004500 
2579 ;0.000000 ; 1.207628 ; -0.004500 
2580 ;0.000000 ; 1.207628 ; -0.004500 
2581 ;0.000000 ; 1.207628 ; -0.004500 
2582 ;0.000000 ; 1.207628 ; -0.004500 
2583 ;0.000000 ; 1.207628 ; -0.004500 
2584 ;0.000000 ; 1.207628 ; -0.004500 
2585 ;0.000000 ; 1.207628 ; -0.004500 
2586 ;0.000000 ; 1.207628 ; -0.004500 
2587 ;0.000000 ; 1.207628 ; -0.004500 
2588 ;0.000000 ; 1.207628 ; -0.004500 
2589 ;0.000000 ; 1.207628 ; -0.004500 
2590 ;0.000000 ; 1.207628 ; -0.004500 
2591 ;0.000000 ; 1.207628 ; -0.004500 
2592 ;0.000000 ; 1.207628 ; -0.004500 
2593 ;0.000000 ; 1.207628 ; -0.004500 
2594 ;0.000000 ; 1.207628 ; -0.004500 
2595 ;0.000000 ; 1.207628 ; -0.004500 
2596 ;0.000000 ; 1.207628 ; -0.004500 
2597 ;0.000000 ; 1.207628 ; -0.004500 
2598 ;0.000000 ; 1.207628 ; -0.004500 
2599 ;0.000000 ; 1.207628 ; -0.004500 
2600 ;0.000000 ; 1.207628 ; -0.004500 
2601 ;0.000000 ; 1.207628 ; -0.004500 
2602 ;0.000000 ; 1.207628 ; -0.004500 
2603 ;0.000000 ; 1.207628 ; -0.004500 
2604 ;0.000000 ; 1.207628 ; -0.004500 
2605 ;0.000000 ; 1.207628 ; -0.004500 
2606 ;0.000000 ; 1.207628 ; -0.004500 
2607 ;0.000000 ; 1.207628 ; -0.004500 
2608 ;0.000000 ; 1.207628 ; -0.004500 
2609 ;0.000000 ; 1.207628 ; -0.004500 
2610 ;0.000000 ; 1.207628 ; -0.004500 
2611 ;0.000000 ; 1.207628 ; -0.004500 
2612 ;0.000000 ; 1.207628 ; -0.004500 
2613 ;0.000000 ; 1.207628 ; -0.004500 
2614 ;0.000000 ; 1.207628 ; -0.004500 
2615 ;0.000000 ; 1.207628 ; -0.004500 
2616 ;0.000000 ; 1.207628 ; -0.004500 
2617 ;0.000000 ; 1.207628 ; -0.004500 
2618 ;0.000000 ; 1.207628 ; -0.004500 
2619 ;0.000000 ; 1.207628 ; -0.004500 
2620 ;0.000000 ; 1.207628 ; -0.004500 
2621 ;0.000000 ; 1.207628 ; -0.004500 
2622 ;0.000000 ; 1.207628 ; -0.004500 
2623 ;0.000000 ; 1.207628 ; -0.004500 
2624 ;0.000000 ; 1.207628 ; -0.004500 
2625 ;0.000000 ; 1.207628 ; -0.004500 
2626 ;0.000000 ; 1.207628 ; -0.004500 
2627 ;0.000000 ; 1.207628 ; -0.004500 
2628 ;0.000000 ; 1.207628 ; -0.004500 
2629 ;0.000000 ; 1.207628 ; -0.004500 
2630 ;0.000000 ; 1.207628 ; -0.004500 
2631 ;0.000000 ; 1.207628 ; -0.004500 
2632 ;0.000000 ; 1.207628 ; -0.004500 
2633 ;0.000000 ; 1.207628 ; -0.004500 
2634 ;0.000000 ; 1.207628 ; -0.004500 
2635 ;0.000000 ; 1.207628 ; -0.004500 
2636 ;0.000000 ; 1.207628 ; -0.004500 
2637 ;0.000000 ; 1.207628 ; -0.004500 
2638 ;0.000000 ; 1.207628 ; -0.004500 
2639 ;0.000000 ; 1.207628 ; -0.004500 
2640 ;0.000000 ; 1.207628 ; -0.004500 
2641 ;0.000000 ; 1.207628 ; -0.004500 
2642 ;0.000000 ; 1.207628 ; -0.004500 
2643 ;0.000000 ; 1.207628 ; -0.004500 
2644 ;0.000000 ; 1.207628 ; -0.004500 
2645 ;0.000000 ; 1.207628 ; -0.004500 
2646 ;0.000000 ; 1.207628 ; -0.004500 
2647 ;0.000000 ; 1.207628 ; -0.004500 
2648 ;0.000000 ; 1.207628 ; -0.004500 
2649 ;0.000000 ; 1.207628 ; -0.004500 
2650 ;0.000000 ; 1.207628 ; -0.004500 
2651 ;0.000000 ; 1.207628 ; -0.004500 
2652 ;0.000000 ; 1.207628 ; -0.004500 
2653 ;0.000000 ; 1.207628 ; -0.004500 
2654 ;0.000000 ; 1.207628 ; -0.004500 
2655 ;0.000000 ; 1.207628 ; -0.004500 
2656 ;0.000000 ; 1.207628 ; -0.004500 
2657 ;0.000000 ; 1.207628 ; -0.004500 
2658 ;0.000000 ; 1.207628 ; -0.004500 
2659 ;0.000000 ; 1.207628 ; -0.004500 
2660 ;0.000000 ; 1.207628 ; -0.004500 
2661 ;0.000000 ; 1.207628 ; -0.004500 
2662 ;0.000000 ; 1.207628 ; -0.004500 
2663 ;0.000000 ; 1.207628 ; -0.004500 
2664 ;0.000000 ; 1.207628 ; -0.004500 
2665 ;0.000000 ; 1.207628 ; -0.004500 
2666 ;0.000000 ; 1.207628 ; -0.004500 
2667 ;0.000000 ; 1.207628 ; -0.004500 
2668 ;0.000000 ; 1.207628 ; -0.004500 
2669 ;0.000000 ; 1.207628 ; -0.004500 
2670 ;0.000000 ; 1.207628 ; -0.004500 
2671 ;0.000000 ; 1.207628 ; -0.004500 
2672 ;0.000000 ; 1.207628 ; -0.004500 
2673 ;0.000000 ; 1.207628 ; -0.004500 
2674 ;0.000000 ; 1.207628 ; -0.004500 
2675 ;0.000000 ; 1.207628 ; -0.004500 
2676 ;0.000000 ; 1.207628 ; -0.004500 
2677 ;0.000000 ; 1.207628 ; -0.004500 
2678 ;0.000000 ; 1.207628 ; -0.004500 
2679 ;0.000000 ; 1.207628 ; -0.004500 
2680 ;0.000000 ; 1.207628 ; -0.004500 
2681 ;0.000000 ; 1.207628 ; -0.004500 
2682 ;0.000000 ; 1.207628 ; -0.004500 
2683 ;0.000000 ; 1.207628 ; -0.004500 
2684 ;0.000000 ; 1.207628 ; -0.004500 
2685 ;0.000000 ; 1.207628 ; -0.004500 
2686 ;0.000000 ; 1.207628 ; -0.004500 
2687 ;0.000000 ; 1.207628 ; -0.004500 
2688 ;0.000000 ; 1.207628 ; -0.004500 
2689 ;0.000000 ; 1.207628 ; -0.004500 
2690 ;0.000000 ; 1.207628 ; -0.004500 
2691 ;0.000000 ; 1.207628 ; -0.004500 
2692 ;0.000000 ; 1.207628 ; -0.004500 
2693 ;0.000000 ; 1.207628 ; -0.004500 
2694 ;0.000000 ; 1.207628 ; -0.004500 
2695 ;0.000000 ; 1.207628 ; -0.004500 
2696 ;0.000000 ; 1.207628 ; -0.004500 
2697 ;0.000000 ; 1.207628 ; -0.004500 
2698 ;0.000000 ; 1.207628 ; -0.004500 
2699 ;0.000000 ; 1.207628 ; -0.004500 
2700 ;0.000000 ; 1.207628 ; -0.004500 
2701 ;0.000000 ; 1.207628 ; -0.004500 
2702 ;0.000000 ; 1.207628 ; -0.004500 
2703 ;0.000000 ; 1.207628 ; -0.004500 
2704 ;0.000000 ; 1.207628 ; -0.004500 
2705 ;0.000000 ; 1.207628 ; -0.004500 
2706 ;0.000000 ; 1.207628 ; -0.004500 
2707 ;0.000000 ; 1.207628 ; -0.004500 
2708 ;0.000000 ; 1.207628 ; -0.004500 
2709 ;0.000000 ; 1.207628 ; -0.004500 
2710 ;0.000000 ; 1.207628 ; -0.004500 
2711 ;0.000000 ; 1.207628 ; -0.004500 
